# 
# Partial phonon density of states for q along a band structure path
# 
# Energy in Ha      , DOS in states/Ha
# Gaussian method with smearing =     0.4556335253E-05Ha      , nq =     252
# 
# omega     PHDOS 
#
   0.00000000E+00   1.80587925E+06
   9.11267051E-07   2.06767163E+06
   1.82253410E-06   2.31420414E+06
   2.73380115E-06   2.53722543E+06
   3.64506820E-06   2.73101588E+06
   4.55633525E-06   2.89273655E+06
   5.46760230E-06   3.02231568E+06
   6.37886935E-06   3.12196001E+06
   7.29013640E-06   3.19544344E+06
   8.20140345E-06   3.24734195E+06
   9.11267051E-06   3.28235662E+06
   1.00239376E-05   3.30481306E+06
   1.09352046E-05   3.31836595E+06
   1.18464717E-05   3.32588913E+06
   1.27577387E-05   3.32950329E+06
   1.36690058E-05   3.33068532E+06
   1.45802728E-05   3.33041008E+06
   1.54915399E-05   3.32928981E+06
   1.64028069E-05   3.32769201E+06
   1.73140740E-05   3.32582883E+06
   1.82253410E-05   3.32381940E+06
   1.91366081E-05   3.32173011E+06
   2.00478751E-05   3.31959905E+06
   2.09591422E-05   3.31744989E+06
   2.18704092E-05   3.31529933E+06
   2.27816763E-05   3.31316094E+06
   2.36929433E-05   3.31104698E+06
   2.46042104E-05   3.30896918E+06
   2.55154774E-05   3.30693914E+06
   2.64267445E-05   3.30496845E+06
   2.73380115E-05   3.30306871E+06
   2.82492786E-05   3.30125157E+06
   2.91605456E-05   3.29952870E+06
   3.00718127E-05   3.29791178E+06
   3.09830797E-05   3.29641251E+06
   3.18943468E-05   3.29504257E+06
   3.28056138E-05   3.29381362E+06
   3.37168809E-05   3.29273730E+06
   3.46281479E-05   3.29182524E+06
   3.55394150E-05   3.29108900E+06
   3.64506820E-05   3.29054014E+06
   3.73619491E-05   3.29019017E+06
   3.82732161E-05   3.29005055E+06
   3.91844832E-05   3.29013272E+06
   4.00957502E-05   3.29044811E+06
   4.10070173E-05   3.29100808E+06
   4.19182843E-05   3.29182400E+06
   4.28295514E-05   3.29290724E+06
   4.37408184E-05   3.29426913E+06
   4.46520855E-05   3.29592103E+06
   4.55633525E-05   3.29787431E+06
   4.64746196E-05   3.30014036E+06
   4.73858866E-05   3.30273064E+06
   4.82971537E-05   3.30565661E+06
   4.92084207E-05   3.30892983E+06
   5.01196878E-05   3.31256194E+06
   5.10309548E-05   3.31656465E+06
   5.19422219E-05   3.32094979E+06
   5.28534889E-05   3.32572931E+06
   5.37647560E-05   3.33091530E+06
   5.46760230E-05   3.33651999E+06
   5.55872901E-05   3.34255579E+06
   5.64985571E-05   3.34903528E+06
   5.74098242E-05   3.35597123E+06
   5.83210912E-05   3.36337664E+06
   5.92323583E-05   3.37126470E+06
   6.01436253E-05   3.37964888E+06
   6.10548924E-05   3.38854284E+06
   6.19661594E-05   3.39796055E+06
   6.28774265E-05   3.40791619E+06
   6.37886935E-05   3.41842425E+06
   6.46999606E-05   3.42949949E+06
   6.56112276E-05   3.44115692E+06
   6.65224947E-05   3.45341186E+06
   6.74337617E-05   3.46627988E+06
   6.83450288E-05   3.47977682E+06
   6.92562958E-05   3.49391876E+06
   7.01675629E-05   3.50872202E+06
   7.10788299E-05   3.52420314E+06
   7.19900970E-05   3.54037882E+06
   7.29013640E-05   3.55726589E+06
   7.38126311E-05   3.57488131E+06
   7.47238981E-05   3.59324205E+06
   7.56351652E-05   3.61236505E+06
   7.65464322E-05   3.63226717E+06
   7.74576993E-05   3.65296504E+06
   7.83689663E-05   3.67447503E+06
   7.92802334E-05   3.69681307E+06
   8.01915004E-05   3.71999455E+06
   8.11027675E-05   3.74403415E+06
   8.20140345E-05   3.76894568E+06
   8.29253016E-05   3.79474190E+06
   8.38365687E-05   3.82143430E+06
   8.47478357E-05   3.84903288E+06
   8.56591028E-05   3.87754591E+06
   8.65703698E-05   3.90697966E+06
   8.74816369E-05   3.93733813E+06
   8.83929039E-05   3.96862276E+06
   8.93041710E-05   4.00083213E+06
   9.02154380E-05   4.03396168E+06
   9.11267051E-05   4.06800338E+06
   9.20379721E-05   4.10294548E+06
   9.29492392E-05   4.13877225E+06
   9.38605062E-05   4.17546373E+06
   9.47717733E-05   4.21299561E+06
   9.56830403E-05   4.25133908E+06
   9.65943074E-05   4.29046089E+06
   9.75055744E-05   4.33032335E+06
   9.84168415E-05   4.37088466E+06
   9.93281085E-05   4.41209922E+06
   1.00239376E-04   4.45391825E+06
   1.01150643E-04   4.49629053E+06
   1.02061910E-04   4.53916338E+06
   1.02973177E-04   4.58248393E+06
   1.03884444E-04   4.62620064E+06
   1.04795711E-04   4.67026505E+06
   1.05706978E-04   4.71463389E+06
   1.06618245E-04   4.75927151E+06
   1.07529512E-04   4.80415256E+06
   1.08440779E-04   4.84926502E+06
   1.09352046E-04   4.89461364E+06
   1.10263313E-04   4.94022364E+06
   1.11174580E-04   4.98614487E+06
   1.12085847E-04   5.03245640E+06
   1.12997114E-04   5.07927168E+06
   1.13908381E-04   5.12674440E+06
   1.14819648E-04   5.17507530E+06
   1.15730915E-04   5.22452036E+06
   1.16642182E-04   5.27540092E+06
   1.17553450E-04   5.32811664E+06
   1.18464717E-04   5.38316271E+06
   1.19375984E-04   5.44115322E+06
   1.20287251E-04   5.50285339E+06
   1.21198518E-04   5.56922362E+06
   1.22109785E-04   5.64147866E+06
   1.23021052E-04   5.72116264E+06
   1.23932319E-04   5.81023661E+06
   1.24843586E-04   5.91116462E+06
   1.25754853E-04   6.02696897E+06
   1.26666120E-04   6.16120331E+06
   1.27577387E-04   6.31776866E+06
   1.28488654E-04   6.50048187E+06
   1.29399921E-04   6.71231145E+06
   1.30311188E-04   6.95424055E+06
   1.31222455E-04   7.22381070E+06
   1.32133722E-04   7.51354070E+06
   1.33044989E-04   7.80957380E+06
   1.33956256E-04   8.09102910E+06
   1.34867523E-04   8.33055148E+06
   1.35778791E-04   8.49640927E+06
   1.36690058E-04   8.55616722E+06
   1.37601325E-04   8.48151866E+06
   1.38512592E-04   8.25341999E+06
   1.39423859E-04   7.86639397E+06
   1.40335126E-04   7.33088984E+06
   1.41246393E-04   6.67295434E+06
   1.42157660E-04   5.93109801E+06
   1.43068927E-04   5.15094899E+06
   1.43980194E-04   4.37884324E+06
   1.44891461E-04   3.65572488E+06
   1.45802728E-04   3.01256385E+06
   1.46713995E-04   2.46801607E+06
   1.47625262E-04   2.02843482E+06
   1.48536529E-04   1.68979167E+06
   1.49447796E-04   1.44073072E+06
   1.50359063E-04   1.26591433E+06
   1.51270330E-04   1.14897699E+06
   1.52181597E-04   1.07468487E+06
   1.53092864E-04   1.03019006E+06
   1.54004132E-04   1.00548943E+06
   1.54915399E-04   9.93315545E+05
   1.55826666E-04   9.88707966E+05
   1.56737933E-04   9.88471118E+05
   1.57649200E-04   9.90655622E+05
   1.58560467E-04   9.94132656E+05
   1.59471734E-04   9.98280546E+05
   1.60383001E-04   1.00277317E+06
   1.61294268E-04   1.00744737E+06
   1.62205535E-04   1.01222520E+06
   1.63116802E-04   1.01707111E+06
   1.64028069E-04   1.02196962E+06
   1.64939336E-04   1.02691439E+06
   1.65850603E-04   1.03190308E+06
   1.66761870E-04   1.03693510E+06
   1.67673137E-04   1.04201063E+06
   1.68584404E-04   1.04713030E+06
   1.69495671E-04   1.05229506E+06
   1.70406938E-04   1.05750610E+06
   1.71318206E-04   1.06276490E+06
   1.72229473E-04   1.06807322E+06
   1.73140740E-04   1.07343314E+06
   1.74052007E-04   1.07884708E+06
   1.74963274E-04   1.08431782E+06
   1.75874541E-04   1.08984857E+06
   1.76785808E-04   1.09544292E+06
   1.77697075E-04   1.10110498E+06
   1.78608342E-04   1.10683932E+06
   1.79519609E-04   1.11265106E+06
   1.80430876E-04   1.11854592E+06
   1.81342143E-04   1.12453021E+06
   1.82253410E-04   1.13061095E+06
   1.83164677E-04   1.13679587E+06
   1.84075944E-04   1.14309347E+06
   1.84987211E-04   1.14951310E+06
   1.85898478E-04   1.15606503E+06
   1.86809745E-04   1.16276049E+06
   1.87721012E-04   1.16961181E+06
   1.88632279E-04   1.17663244E+06
   1.89543547E-04   1.18383712E+06
   1.90454814E-04   1.19124192E+06
   1.91366081E-04   1.19886447E+06
   1.92277348E-04   1.20672398E+06
   1.93188615E-04   1.21484153E+06
   1.94099882E-04   1.22324015E+06
   1.95011149E-04   1.23194514E+06
   1.95922416E-04   1.24098423E+06
   1.96833683E-04   1.25038794E+06
   1.97744950E-04   1.26018987E+06
   1.98656217E-04   1.27042715E+06
   1.99567484E-04   1.28114086E+06
   2.00478751E-04   1.29237663E+06
   2.01390018E-04   1.30418529E+06
   2.02301285E-04   1.31662366E+06
   2.03212552E-04   1.32975557E+06
   2.04123819E-04   1.34365299E+06
   2.05035086E-04   1.35839758E+06
   2.05946353E-04   1.37408247E+06
   2.06857620E-04   1.39081468E+06
   2.07768888E-04   1.40871812E+06
   2.08680155E-04   1.42793760E+06
   2.09591422E-04   1.44864428E+06
   2.10502689E-04   1.47104294E+06
   2.11413956E-04   1.49538224E+06
   2.12325223E-04   1.52196881E+06
   2.13236490E-04   1.55118646E+06
   2.14147757E-04   1.58352172E+06
   2.15059024E-04   1.61959565E+06
   2.15970291E-04   1.66019957E+06
   2.16881558E-04   1.70632813E+06
   2.17792825E-04   1.75919578E+06
   2.18704092E-04   1.82021425E+06
   2.19615359E-04   1.89089926E+06
   2.20526626E-04   1.97267088E+06
   2.21437893E-04   2.06651681E+06
   2.22349160E-04   2.17251118E+06
   2.23260427E-04   2.28922262E+06
   2.24171694E-04   2.41310456E+06
   2.25082961E-04   2.53802040E+06
   2.25994229E-04   2.65509605E+06
   2.26905496E-04   2.75308366E+06
   2.27816763E-04   2.81934479E+06
   2.28728030E-04   2.84141986E+06
   2.29639297E-04   2.80897338E+06
   2.30550564E-04   2.71574458E+06
   2.31461831E-04   2.56105364E+06
   2.32373098E-04   2.35045898E+06
   2.33284365E-04   2.09533585E+06
   2.34195632E-04   1.81140706E+06
   2.35106899E-04   1.51652265E+06
   2.36018166E-04   1.22817023E+06
   2.36929433E-04   9.61242825E+05
   2.37840700E-04   7.26487973E+05
   2.38751967E-04   5.29854301E+05
   2.39663234E-04   3.72713681E+05
   2.40574501E-04   2.52744188E+05
   2.41485768E-04   1.65158702E+05
   2.42397035E-04   1.03965567E+05
   2.43308302E-04   6.30260557E+04
   2.44219570E-04   3.67862761E+04
   2.45130837E-04   2.06677889E+04
   2.46042104E-04   1.11754374E+04
   2.46953371E-04   5.81470433E+03
   2.47864638E-04   2.91086753E+03
   2.48775905E-04   1.40183058E+03
   2.49687172E-04   6.49381420E+02
   2.50598439E-04   2.89330250E+02
   2.51509706E-04   1.23976843E+02
   2.52420973E-04   5.10866217E+01
   2.53332240E-04   2.02425071E+01
   2.54243507E-04   7.71232972E+00
   2.55154774E-04   2.82518804E+00
   2.56066041E-04   9.95011835E-01
   2.56977308E-04   3.36906133E-01
   2.57888575E-04   1.09665957E-01
   2.58799842E-04   3.43163465E-02
   2.59711109E-04   1.03224314E-02
   2.60622376E-04   2.98470504E-03
   2.61533644E-04   8.29558676E-04
   2.62444911E-04   2.21619460E-04
   2.63356178E-04   5.69080209E-05
   2.64267445E-04   1.40454090E-05
   2.65178712E-04   3.33182254E-06
   2.66089979E-04   7.59639929E-07
   2.67001246E-04   1.66457990E-07
   2.67912513E-04   3.50562509E-08
   2.68823780E-04   7.09551236E-09
   2.69735047E-04   1.38023640E-09
   2.70646314E-04   2.58029272E-10
   2.71557581E-04   4.63580318E-11
   2.72468848E-04   8.00417517E-12
   2.73380115E-04   1.32812559E-12
   2.74291382E-04   2.11781652E-13
   2.75202649E-04   3.24533910E-14
   2.76113916E-04   4.77914893E-15
   2.77025183E-04   6.76326147E-16
   2.77936450E-04   9.19757897E-17
   2.78847717E-04   1.20198599E-17
   2.79758985E-04   1.50949190E-18
   2.80670252E-04   1.82164949E-19
   2.81581519E-04   2.11251003E-20
   2.82492786E-04   2.35412824E-21
   2.83404053E-04   2.52090450E-22
   2.84315320E-04   2.59403184E-23
   2.85226587E-04   2.56498396E-24
   2.86137854E-04   2.43715063E-25
   2.87049121E-04   2.22519477E-26
   2.87960388E-04   1.95335186E-27
   2.88871655E-04   1.79017040E-28
   2.89782922E-04   1.94707765E-28
   2.90694189E-04   2.19113709E-27
   2.91605456E-04   2.54117560E-26
   2.92516723E-04   2.83327040E-25
   2.93427990E-04   3.03549614E-24
   2.94339257E-04   3.12507431E-23
   2.95250524E-04   3.09159142E-22
   2.96161791E-04   2.93898330E-21
   2.97073058E-04   2.68477401E-20
   2.97984326E-04   2.35676554E-19
   2.98895593E-04   1.98804230E-18
   2.99806860E-04   1.61152917E-17
   3.00718127E-04   1.25532707E-16
   3.01629394E-04   9.39690456E-16
   3.02540661E-04   6.75966455E-15
   3.03451928E-04   4.67284391E-14
   3.04363195E-04   3.10425085E-13
   3.05274462E-04   1.98178058E-12
   3.06185729E-04   1.21585455E-11
   3.07096996E-04   7.16868172E-11
   3.08008263E-04   4.06193720E-10
   3.08919530E-04   2.21191412E-09
   3.09830797E-04   1.15757656E-08
   3.10742064E-04   5.82214764E-08
   3.11653331E-04   2.81432831E-07
   3.12564598E-04   1.30746726E-06
   3.13475865E-04   5.83792281E-06
   3.14387132E-04   2.50532929E-05
   3.15298399E-04   1.03337580E-04
   3.16209667E-04   4.09682548E-04
   3.17120934E-04   1.56113971E-03
   3.18032201E-04   5.71809574E-03
   3.18943468E-04   2.01320272E-02
   3.19854735E-04   6.81337208E-02
   3.20766002E-04   2.21660539E-01
   3.21677269E-04   6.93235426E-01
   3.22588536E-04   2.08427478E+00
   3.23499803E-04   6.02460254E+00
   3.24411070E-04   1.67424928E+01
   3.25322337E-04   4.47353898E+01
   3.26233604E-04   1.14933086E+02
   3.27144871E-04   2.83940663E+02
   3.28056138E-04   6.74571053E+02
   3.28967405E-04   1.54126639E+03
   3.29878672E-04   3.38698953E+03
   3.30789939E-04   7.15940502E+03
   3.31701206E-04   1.45583791E+04
   3.32612473E-04   2.84822562E+04
   3.33523741E-04   5.36192250E+04
   3.34435008E-04   9.71447826E+04
   3.35346275E-04   1.69414018E+05
   3.36257542E-04   2.84446236E+05
   3.37168809E-04   4.59913722E+05
   3.38080076E-04   7.16307153E+05
   3.38991343E-04   1.07500599E+06
   3.39902610E-04   1.55516984E+06
   3.40813877E-04   2.16968491E+06
   3.41725144E-04   2.92078917E+06
   3.42636411E-04   3.79634054E+06
   3.43547678E-04   4.76783808E+06
   3.44458945E-04   5.79113365E+06
   3.45370212E-04   6.81025395E+06
   3.46281479E-04   7.76399085E+06
   3.47192746E-04   8.59413132E+06
   3.48104013E-04   9.25365366E+06
   3.49015280E-04   9.71312246E+06
   3.49926547E-04   9.96392876E+06
   3.50837814E-04   1.00178228E+07
   3.51749082E-04   9.90311179E+06
   3.52660349E-04   9.65864946E+06
   3.53571616E-04   9.32711561E+06
   3.54482883E-04   8.94900347E+06
   3.55394150E-04   8.55830279E+06
   3.56305417E-04   8.18027248E+06
   3.57216684E-04   7.83114644E+06
   3.58127951E-04   7.51925104E+06
   3.59039218E-04   7.24688026E+06
   3.59950485E-04   7.01233977E+06
   3.60861752E-04   6.81174987E+06
   3.61773019E-04   6.64040332E+06
   3.62684286E-04   6.49364352E+06
   3.63595553E-04   6.36733507E+06
   3.64506820E-04   6.25804216E+06
   3.65418087E-04   6.16302927E+06
   3.66329354E-04   6.08017399E+06
   3.67240621E-04   6.00785150E+06
   3.68151888E-04   5.94482325E+06
   3.69063155E-04   5.89014382E+06
   3.69974423E-04   5.84308909E+06
   3.70885690E-04   5.80310339E+06
   3.71796957E-04   5.76976169E+06
   3.72708224E-04   5.74274291E+06
   3.73619491E-04   5.72181144E+06
   3.74530758E-04   5.70680423E+06
   3.75442025E-04   5.69762230E+06
   3.76353292E-04   5.69422543E+06
   3.77264559E-04   5.69662946E+06
   3.78175826E-04   5.70490606E+06
   3.79087093E-04   5.71918471E+06
   3.79998360E-04   5.73965713E+06
   3.80909627E-04   5.76658475E+06
   3.81820894E-04   5.80030966E+06
   3.82732161E-04   5.84127060E+06
   3.83643428E-04   5.89002571E+06
   3.84554695E-04   5.94728479E+06
   3.85465962E-04   6.01395461E+06
   3.86377229E-04   6.09120161E+06
   3.87288496E-04   6.18053557E+06
   3.88199764E-04   6.28391510E+06
   3.89111031E-04   6.40386805E+06
   3.90022298E-04   6.54360562E+06
   3.90933565E-04   6.70708605E+06
   3.91844832E-04   6.89895332E+06
   3.92756099E-04   7.12424561E+06
   3.93667366E-04   7.38774938E+06
   3.94578633E-04   7.69288981E+06
   3.95489900E-04   8.04011780E+06
   3.96401167E-04   8.42489168E+06
   3.97312434E-04   8.83554904E+06
   3.98223701E-04   9.25157700E+06
   3.99134968E-04   9.64294047E+06
   4.00046235E-04   9.97112349E+06
   4.00957502E-04   1.01923060E+07
   4.01868769E-04   1.02626310E+07
   4.02780036E-04   1.01449051E+07
   4.03691303E-04   9.81549578E+06
   4.04602570E-04   9.26986717E+06
   4.05513837E-04   8.52529141E+06
   4.06425105E-04   7.61983344E+06
   4.07336372E-04   6.60759378E+06
   4.08247639E-04   5.55114172E+06
   4.09158906E-04   4.51277138E+06
   4.10070173E-04   3.54644106E+06
   4.10981440E-04   2.69195711E+06
   4.11892707E-04   1.97226864E+06
   4.12803974E-04   1.39390055E+06
   4.13715241E-04   9.49840450E+05
   4.14626508E-04   6.23793918E+05
   4.15537775E-04   3.94683512E+05
   4.16449042E-04   2.40515240E+05
   4.17360309E-04   1.41126693E+05
   4.18271576E-04   7.97171068E+04
   4.19182843E-04   4.33396745E+04
   4.20094110E-04   2.26745401E+04
   4.21005377E-04   1.14142222E+04
   4.21916644E-04   5.52781239E+03
   4.22827911E-04   2.57519581E+03
   4.23739179E-04   1.15391492E+03
   4.24650446E-04   4.97285031E+02
   4.25561713E-04   2.06096581E+02
   4.26472980E-04   8.21371051E+01
   4.27384247E-04   3.14763077E+01
   4.28295514E-04   1.15978988E+01
   4.29206781E-04   4.10869373E+00
   4.30118048E-04   1.39938450E+00
   4.31029315E-04   4.58206214E-01
   4.31940582E-04   1.44231112E-01
   4.32851849E-04   4.36431314E-02
   4.33763116E-04   1.26945714E-02
   4.34674383E-04   3.54938204E-03
   4.35585650E-04   9.53912262E-04
   4.36496917E-04   2.46419142E-04
   4.37408184E-04   6.11844354E-05
   4.38319451E-04   1.46015485E-05
   4.39230718E-04   3.34919113E-06
   4.40141985E-04   7.38339722E-07
   4.41053252E-04   1.56437409E-07
   4.41964520E-04   3.18556523E-08
   4.42875787E-04   6.23436824E-09
   4.43787054E-04   1.17305072E-09
   4.44698321E-04   2.14948734E-10
   4.45609588E-04   5.46658459E-11
   4.46520855E-04   1.08194898E-10
   4.47432122E-04   5.61739781E-10
   4.48343389E-04   2.96144263E-09
   4.49254656E-04   1.50293007E-08
   4.50165923E-04   7.33076347E-08
   4.51077190E-04   3.43653226E-07
   4.51988457E-04   1.54831203E-06
   4.52899724E-04   6.70456401E-06
   4.53810991E-04   2.79038606E-05
   4.54722258E-04   1.11621556E-04
   4.55633525E-04   4.29171502E-04
   4.56544792E-04   1.58607037E-03
   4.57456059E-04   5.63421456E-03
   4.58367326E-04   1.92386753E-02
   4.59278593E-04   6.31481079E-02
   4.60189861E-04   1.99251960E-01
   4.61101128E-04   6.04389535E-01
   4.62012395E-04   1.76246211E+00
   4.62923662E-04   4.94116385E+00
   4.63834929E-04   1.33188061E+01
   4.64746196E-04   3.45183465E+01
   4.65657463E-04   8.60216584E+01
   4.66568730E-04   2.06141782E+02
   4.67479997E-04   4.75067202E+02
   4.68391264E-04   1.05295289E+03
   4.69302531E-04   2.24473968E+03
   4.70213798E-04   4.60330087E+03
   4.71125065E-04   9.08171691E+03
   4.72036332E-04   1.72392096E+04
   4.72947599E-04   3.14906009E+04
   4.73858866E-04   5.53645079E+04
   4.74770133E-04   9.37027883E+04
   4.75681400E-04   1.52700660E+05
   4.76592667E-04   2.39667441E+05
   4.77503934E-04   3.62399881E+05
   4.78415202E-04   5.28118898E+05
   4.79326469E-04   7.42029408E+05
   4.80237736E-04   1.00570468E+06
   4.81149003E-04   1.31563118E+06
   4.82060270E-04   1.66232273E+06
   4.82971537E-04   2.03037560E+06
   4.83882804E-04   2.39966808E+06
   4.84794071E-04   2.74763793E+06
   4.85705338E-04   3.05227212E+06
   4.86616605E-04   3.29521430E+06
   4.87527872E-04   3.46432227E+06
   4.88439139E-04   3.55512542E+06
   4.89350406E-04   3.57090892E+06
   4.90261673E-04   3.52149734E+06
   4.91172940E-04   3.42111443E+06
   4.92084207E-04   3.28586863E+06
   4.92995474E-04   3.13141909E+06
   4.93906741E-04   2.97124011E+06
   4.94818008E-04   2.81568984E+06
   4.95729276E-04   2.67188133E+06
   4.96640543E-04   2.54420830E+06
   4.97551810E-04   2.43531929E+06
   4.98463077E-04   2.34734660E+06
   4.99374344E-04   2.28324538E+06
   5.00285611E-04   2.24813820E+06
   5.01196878E-04   2.25055938E+06
   5.02108145E-04   2.30343773E+06
   5.03019412E-04   2.42456518E+06
   5.03930679E-04   2.63621411E+06
   5.04841946E-04   2.96355445E+06
   5.05753213E-04   3.43164433E+06
   5.06664480E-04   4.06105775E+06
   5.07575747E-04   4.86264096E+06
   5.08487014E-04   5.83234974E+06
   5.09398281E-04   6.94744690E+06
   5.10309548E-04   8.16535814E+06
   5.11220815E-04   9.42608976E+06
   5.12132082E-04   1.06583358E+07
   5.13043349E-04   1.17884358E+07
   5.13954617E-04   1.27504903E+07
   5.14865884E-04   1.34955048E+07
   5.15777151E-04   1.39975902E+07
   5.16688418E-04   1.42559792E+07
   5.17599685E-04   1.42926832E+07
   5.18510952E-04   1.41466685E+07
   5.19422219E-04   1.38661543E+07
   5.20333486E-04   1.35008326E+07
   5.21244753E-04   1.30955144E+07
   5.22156020E-04   1.26860736E+07
   5.23067287E-04   1.22978515E+07
   5.23978554E-04   1.19461161E+07
   5.24889821E-04   1.16378548E+07
   5.25801088E-04   1.13741408E+07
   5.26712355E-04   1.11524591E+07
   5.27623622E-04   1.09686183E+07
   5.28534889E-04   1.08181053E+07
   5.29446156E-04   1.06969110E+07
   5.30357423E-04   1.06019444E+07
   5.31268690E-04   1.05311835E+07
   5.32179958E-04   1.04836903E+07
   5.33091225E-04   1.04595875E+07
   5.34002492E-04   1.04600544E+07
   5.34913759E-04   1.04873643E+07
   5.35825026E-04   1.05449511E+07
   5.36736293E-04   1.06374560E+07
   5.37647560E-04   1.07706632E+07
   5.38558827E-04   1.09511890E+07
   5.39470094E-04   1.11857597E+07
   5.40381361E-04   1.14799182E+07
   5.41292628E-04   1.18360697E+07
   5.42203895E-04   1.22509372E+07
   5.43115162E-04   1.27127375E+07
   5.44026429E-04   1.31986715E+07
   5.44937696E-04   1.36735531E+07
   5.45848963E-04   1.40904591E+07
   5.46760230E-04   1.43940579E+07
   5.47671497E-04   1.45267445E+07
   5.48582764E-04   1.44369367E+07
   5.49494031E-04   1.40881077E+07
   5.50405299E-04   1.34665965E+07
   5.51316566E-04   1.25862187E+07
   5.52227833E-04   1.14882794E+07
   5.53139100E-04   1.02366577E+07
   5.54050367E-04   8.90887101E+06
   5.54961634E-04   7.58504333E+06
   5.55872901E-04   6.33715729E+06
   5.56784168E-04   5.22074803E+06
   5.57695435E-04   4.27039999E+06
   5.58606702E-04   3.49934427E+06
   5.59517969E-04   2.90247348E+06
   5.60429236E-04   2.46146753E+06
   5.61340503E-04   2.15056540E+06
   5.62251770E-04   1.94176186E+06
   5.63163037E-04   1.80868331E+06
   5.64074304E-04   1.72890748E+06
   5.64985571E-04   1.68489212E+06
   5.65896838E-04   1.66390197E+06
   5.66808105E-04   1.65738103E+06
   5.67719372E-04   1.66016203E+06
   5.68630640E-04   1.66980089E+06
   5.69541907E-04   1.68621924E+06
   5.70453174E-04   1.71175418E+06
   5.71364441E-04   1.75164855E+06
   5.72275708E-04   1.81494683E+06
   5.73186975E-04   1.91566753E+06
   5.74098242E-04   2.07399116E+06
   5.75009509E-04   2.31704339E+06
   5.75920776E-04   2.67871494E+06
   5.76832043E-04   3.19791803E+06
   5.77743310E-04   3.91482485E+06
   5.78654577E-04   4.86502493E+06
   5.79565844E-04   6.07215735E+06
   5.80477111E-04   7.54029194E+06
   5.81388378E-04   9.24791463E+06
   5.82299645E-04   1.11455419E+07
   5.83210912E-04   1.31585405E+07
   5.84122179E-04   1.51956439E+07
   5.85033446E-04   1.71621535E+07
   5.85944714E-04   1.89753367E+07
   5.86855981E-04   2.05785564E+07
   5.87767248E-04   2.19505915E+07
   5.88678515E-04   2.31075013E+07
   5.89589782E-04   2.40960532E+07
   5.90501049E-04   2.49797089E+07
   5.91412316E-04   2.58199487E+07
   5.92323583E-04   2.66568872E+07
   5.93234850E-04   2.74934788E+07
   5.94146117E-04   2.82870821E+07
   5.95057384E-04   2.89508411E+07
   5.95968651E-04   2.93654403E+07
   5.96879918E-04   2.93995818E+07
   5.97791185E-04   2.89354350E+07
   5.98702452E-04   2.78938361E+07
   5.99613719E-04   2.62536481E+07
   6.00524986E-04   2.40607288E+07
   6.01436253E-04   2.14242535E+07
   6.02347520E-04   1.85011535E+07
   6.03258787E-04   1.54722942E+07
   6.04170055E-04   1.25158460E+07
   6.05081322E-04   9.78358978E+06
   6.05992589E-04   7.38462019E+06
   6.06903856E-04   5.37861069E+06
   6.07815123E-04   3.77826620E+06
   6.08726390E-04   2.55860152E+06
   6.09637657E-04   1.66970096E+06
   6.10548924E-04   1.04969753E+06
   6.11460191E-04   6.35569609E+05
   6.12371458E-04   3.70541150E+05
   6.13282725E-04   2.07969181E+05
   6.14193992E-04   1.12351061E+05
   6.15105259E-04   5.84126996E+04
   6.16016526E-04   2.92236457E+04
   6.16927793E-04   1.40674461E+04
   6.17839060E-04   6.51545012E+03
   6.18750327E-04   2.90494050E+03
   6.19661594E-04   1.25159835E+03
   6.20572861E-04   5.34692870E+02
   6.21484128E-04   2.62339810E+02
   6.22395396E-04   2.29659698E+02
   6.23306663E-04   4.04933496E+02
   6.24217930E-04   9.05603492E+02
   6.25129197E-04   2.05143121E+03
   6.26040464E-04   4.50429480E+03
   6.26951731E-04   9.52168277E+03
   6.27862998E-04   1.93608025E+04
   6.28774265E-04   3.78660619E+04
   6.29685532E-04   7.12455172E+04
   6.30596799E-04   1.28983323E+05
   6.31508066E-04   2.24743782E+05
   6.32419333E-04   3.77011787E+05
   6.33330600E-04   6.09118578E+05
   6.34241867E-04   9.48274203E+05
   6.35153134E-04   1.42332566E+06
   6.36064401E-04   2.06121447E+06
   6.36975668E-04   2.88249318E+06
   6.37886935E-04   3.89667346E+06
   6.38798202E-04   5.09845402E+06
   6.39709469E-04   6.46584648E+06
   6.40620737E-04   7.96080003E+06
   6.41532004E-04   9.53220305E+06
   6.42443271E-04   1.11203672E+07
   6.43354538E-04   1.26616266E+07
   6.44265805E-04   1.40917872E+07
   6.45177072E-04   1.53478809E+07
   6.46088339E-04   1.63687353E+07
   6.46999606E-04   1.70957633E+07
   6.47910873E-04   1.74755993E+07
   6.48822140E-04   1.74655265E+07
   6.49733407E-04   1.70412602E+07
   6.50644674E-04   1.62051561E+07
   6.51555941E-04   1.49920196E+07
   6.52467208E-04   1.34698905E+07
   6.53378475E-04   1.17344792E+07
   6.54289742E-04   9.89787164E+06
   6.55201009E-04   8.07392164E+06
   6.56112276E-04   6.36374462E+06
   6.57023543E-04   4.84457140E+06
   6.57934810E-04   3.56407494E+06
   6.58846078E-04   2.54063431E+06
   6.59757345E-04   1.76846126E+06
   6.60668612E-04   1.22553989E+06
   6.61579879E-04   8.82091480E+05
   6.62491146E-04   7.07668490E+05
   6.63402413E-04   6.75732848E+05
   6.64313680E-04   7.65395971E+05
   6.65224947E-04   9.60683520E+05
   6.66136214E-04   1.24813997E+06
   6.67047481E-04   1.61379491E+06
   6.67958748E-04   2.04050064E+06
   6.68870015E-04   2.50645213E+06
   6.69781282E-04   2.98535434E+06
   6.70692549E-04   3.44826310E+06
   6.71603816E-04   3.86668399E+06
   6.72515083E-04   4.21617523E+06
   6.73426350E-04   4.47956475E+06
   6.74337617E-04   4.64900185E+06
   6.75248884E-04   4.72638883E+06
   6.76160152E-04   4.72217287E+06
   6.77071419E-04   4.65288454E+06
   6.77982686E-04   4.53806693E+06
   6.78893953E-04   4.39728858E+06
   6.79805220E-04   4.24779227E+06
   6.80716487E-04   4.10307518E+06
   6.81627754E-04   3.97242254E+06
   6.82539021E-04   3.86120759E+06
   6.83450288E-04   3.77166568E+06
   6.84361555E-04   3.70384793E+06
   6.85272822E-04   3.65652660E+06
   6.86184089E-04   3.62791993E+06
   6.87095356E-04   3.61619173E+06
   6.88006623E-04   3.61974366E+06
   6.88917890E-04   3.63734842E+06
   6.89829157E-04   3.66817941E+06
   6.90740424E-04   3.71178376E+06
   6.91651691E-04   3.76803195E+06
   6.92562958E-04   3.83706429E+06
   6.93474225E-04   3.91924451E+06
   6.94385493E-04   4.01512529E+06
   6.95296760E-04   4.12542766E+06
   6.96208027E-04   4.25103458E+06
   6.97119294E-04   4.39299673E+06
   6.98030561E-04   4.55254276E+06
   6.98941828E-04   4.73107584E+06
   6.99853095E-04   4.93012221E+06
   7.00764362E-04   5.15117813E+06
   7.01675629E-04   5.39538550E+06
   7.02586896E-04   5.66296542E+06
   7.03498163E-04   5.95236676E+06
   7.04409430E-04   6.25915585E+06
   7.05320697E-04   6.57478499E+06
   7.06231964E-04   6.88551188E+06
   7.07143231E-04   7.17185782E+06
   7.08054498E-04   7.40903051E+06
   7.08965765E-04   7.56864152E+06
   7.09877032E-04   7.62179620E+06
   7.10788299E-04   7.54325933E+06
   7.11699566E-04   7.31600126E+06
   7.12610834E-04   6.93514694E+06
   7.13522101E-04   6.41031462E+06
