 0.000
 1.000
 2.000
 3.000
 4.000
 5.000
 5.999
 6.999
 7.999
 8.999
 9.999
 10.999
 11.999
 12.999
 13.999
 14.999
 15.999
 16.999
 17.999
 18.999
 19.999
 20.999
 21.999
 22.998
 23.998
 24.998
 25.998
 26.998
 27.998
 28.998
 29.998
 30.998
 31.998
 32.998
 33.998
 34.998
 35.998
 36.998
 37.998
 38.998
 39.998
 40.998
 41.998
 42.998
 43.998
 44.998
 45.998
 46.998
 47.998
 48.998
 49.998
 50.998
 51.998
 52.998
 53.998
 54.998
 55.998
 56.999
 57.999
 58.999
 59.999
 60.999
 61.999
 62.999
 63.999
 64.999
 65.999
 66.999
 67.999
 68.999
 69.999
 70.999
 72.000
 73.000
 74.000
 75.000
 76.000
 77.000
 78.000
 79.000
 80.000
 81.000
 82.000
 83.001
 84.001
 85.001
 86.001
 87.001
 88.001
 89.001
 90.001
 91.001
 92.001
 93.000
 94.000
 95.000
 96.000
 97.000
 98.000
 99.000
