
 **** DERIVATIVE DATABASE ****    
+DDB, Version number  20230401

  Note : temporary (transfer) database

    usepaw         1
     natom         3
      nkpt       868
    nsppol         1
      nsym         1
    ntypat         2
    occopt         7
     nband        18
     acell  0.10000000000000D+01  0.10000000000000D+01  0.10000000000000D+01
       amu  0.58690000000000D+02  0.79904000000000D+02
   dilatmx  0.10000000000000D+01
      ecut  0.22049595238777D+02
 pawecutdg  0.44099190477555D+02
    ecutsm  0.00000000000000D+00
     intxc         0
      iscf        17
       ixc   -101130
       kpt  0.00000000000000D+00  0.00000000000000D+00  0.00000000000000D+00
            0.83333333333333D-01  0.00000000000000D+00  0.00000000000000D+00
            0.16666666666667D+00  0.00000000000000D+00  0.00000000000000D+00
            0.25000000000000D+00  0.00000000000000D+00  0.00000000000000D+00
            0.33333333333333D+00  0.00000000000000D+00  0.00000000000000D+00
            0.41666666666667D+00  0.00000000000000D+00  0.00000000000000D+00
            0.50000000000000D+00  0.00000000000000D+00  0.00000000000000D+00
            0.00000000000000D+00  0.83333333333333D-01  0.00000000000000D+00
            0.83333333333333D-01  0.83333333333333D-01  0.00000000000000D+00
            0.16666666666667D+00  0.83333333333333D-01  0.00000000000000D+00
            0.25000000000000D+00  0.83333333333333D-01  0.00000000000000D+00
            0.33333333333333D+00  0.83333333333333D-01  0.00000000000000D+00
            0.41666666666667D+00  0.83333333333333D-01  0.00000000000000D+00
            0.50000000000000D+00  0.83333333333333D-01  0.00000000000000D+00
           -0.41666666666667D+00  0.83333333333333D-01  0.00000000000000D+00
           -0.33333333333333D+00  0.83333333333333D-01  0.00000000000000D+00
           -0.25000000000000D+00  0.83333333333333D-01  0.00000000000000D+00
           -0.16666666666667D+00  0.83333333333333D-01  0.00000000000000D+00
           -0.83333333333333D-01  0.83333333333333D-01  0.00000000000000D+00
            0.00000000000000D+00  0.16666666666667D+00  0.00000000000000D+00
            0.83333333333333D-01  0.16666666666667D+00  0.00000000000000D+00
            0.16666666666667D+00  0.16666666666667D+00  0.00000000000000D+00
            0.25000000000000D+00  0.16666666666667D+00  0.00000000000000D+00
            0.33333333333333D+00  0.16666666666667D+00  0.00000000000000D+00
            0.41666666666667D+00  0.16666666666667D+00  0.00000000000000D+00
            0.50000000000000D+00  0.16666666666667D+00  0.00000000000000D+00
           -0.41666666666667D+00  0.16666666666667D+00  0.00000000000000D+00
           -0.33333333333333D+00  0.16666666666667D+00  0.00000000000000D+00
           -0.25000000000000D+00  0.16666666666667D+00  0.00000000000000D+00
           -0.16666666666667D+00  0.16666666666667D+00  0.00000000000000D+00
           -0.83333333333333D-01  0.16666666666667D+00  0.00000000000000D+00
            0.00000000000000D+00  0.25000000000000D+00  0.00000000000000D+00
            0.83333333333333D-01  0.25000000000000D+00  0.00000000000000D+00
            0.16666666666667D+00  0.25000000000000D+00  0.00000000000000D+00
            0.25000000000000D+00  0.25000000000000D+00  0.00000000000000D+00
            0.33333333333333D+00  0.25000000000000D+00  0.00000000000000D+00
            0.41666666666667D+00  0.25000000000000D+00  0.00000000000000D+00
            0.50000000000000D+00  0.25000000000000D+00  0.00000000000000D+00
           -0.41666666666667D+00  0.25000000000000D+00  0.00000000000000D+00
           -0.33333333333333D+00  0.25000000000000D+00  0.00000000000000D+00
           -0.25000000000000D+00  0.25000000000000D+00  0.00000000000000D+00
           -0.16666666666667D+00  0.25000000000000D+00  0.00000000000000D+00
           -0.83333333333333D-01  0.25000000000000D+00  0.00000000000000D+00
            0.00000000000000D+00  0.33333333333333D+00  0.00000000000000D+00
            0.83333333333333D-01  0.33333333333333D+00  0.00000000000000D+00
            0.16666666666667D+00  0.33333333333333D+00  0.00000000000000D+00
            0.25000000000000D+00  0.33333333333333D+00  0.00000000000000D+00
            0.33333333333333D+00  0.33333333333333D+00  0.00000000000000D+00
            0.41666666666667D+00  0.33333333333333D+00  0.00000000000000D+00
            0.50000000000000D+00  0.33333333333333D+00  0.00000000000000D+00
           -0.41666666666667D+00  0.33333333333333D+00  0.00000000000000D+00
           -0.33333333333333D+00  0.33333333333333D+00  0.00000000000000D+00
           -0.25000000000000D+00  0.33333333333333D+00  0.00000000000000D+00
           -0.16666666666667D+00  0.33333333333333D+00  0.00000000000000D+00
           -0.83333333333333D-01  0.33333333333333D+00  0.00000000000000D+00
            0.00000000000000D+00  0.41666666666667D+00  0.00000000000000D+00
            0.83333333333333D-01  0.41666666666667D+00  0.00000000000000D+00
            0.16666666666667D+00  0.41666666666667D+00  0.00000000000000D+00
            0.25000000000000D+00  0.41666666666667D+00  0.00000000000000D+00
            0.33333333333333D+00  0.41666666666667D+00  0.00000000000000D+00
            0.41666666666667D+00  0.41666666666667D+00  0.00000000000000D+00
            0.50000000000000D+00  0.41666666666667D+00  0.00000000000000D+00
           -0.41666666666667D+00  0.41666666666667D+00  0.00000000000000D+00
           -0.33333333333333D+00  0.41666666666667D+00  0.00000000000000D+00
           -0.25000000000000D+00  0.41666666666667D+00  0.00000000000000D+00
           -0.16666666666667D+00  0.41666666666667D+00  0.00000000000000D+00
           -0.83333333333333D-01  0.41666666666667D+00  0.00000000000000D+00
            0.00000000000000D+00  0.50000000000000D+00  0.00000000000000D+00
            0.83333333333333D-01  0.50000000000000D+00  0.00000000000000D+00
            0.16666666666667D+00  0.50000000000000D+00  0.00000000000000D+00
            0.25000000000000D+00  0.50000000000000D+00  0.00000000000000D+00
            0.33333333333333D+00  0.50000000000000D+00  0.00000000000000D+00
            0.41666666666667D+00  0.50000000000000D+00  0.00000000000000D+00
            0.50000000000000D+00  0.50000000000000D+00  0.00000000000000D+00
            0.00000000000000D+00  0.00000000000000D+00  0.83333333333333D-01
            0.83333333333333D-01  0.00000000000000D+00  0.83333333333333D-01
            0.16666666666667D+00  0.00000000000000D+00  0.83333333333333D-01
            0.25000000000000D+00  0.00000000000000D+00  0.83333333333333D-01
            0.33333333333333D+00  0.00000000000000D+00  0.83333333333333D-01
            0.41666666666667D+00  0.00000000000000D+00  0.83333333333333D-01
            0.50000000000000D+00  0.00000000000000D+00  0.83333333333333D-01
           -0.41666666666667D+00  0.00000000000000D+00  0.83333333333333D-01
           -0.33333333333333D+00  0.00000000000000D+00  0.83333333333333D-01
           -0.25000000000000D+00  0.00000000000000D+00  0.83333333333333D-01
           -0.16666666666667D+00  0.00000000000000D+00  0.83333333333333D-01
           -0.83333333333333D-01  0.00000000000000D+00  0.83333333333333D-01
            0.00000000000000D+00  0.83333333333333D-01  0.83333333333333D-01
            0.83333333333333D-01  0.83333333333333D-01  0.83333333333333D-01
            0.16666666666667D+00  0.83333333333333D-01  0.83333333333333D-01
            0.25000000000000D+00  0.83333333333333D-01  0.83333333333333D-01
            0.33333333333333D+00  0.83333333333333D-01  0.83333333333333D-01
            0.41666666666667D+00  0.83333333333333D-01  0.83333333333333D-01
            0.50000000000000D+00  0.83333333333333D-01  0.83333333333333D-01
           -0.41666666666667D+00  0.83333333333333D-01  0.83333333333333D-01
           -0.33333333333333D+00  0.83333333333333D-01  0.83333333333333D-01
           -0.25000000000000D+00  0.83333333333333D-01  0.83333333333333D-01
           -0.16666666666667D+00  0.83333333333333D-01  0.83333333333333D-01
           -0.83333333333333D-01  0.83333333333333D-01  0.83333333333333D-01
            0.00000000000000D+00  0.16666666666667D+00  0.83333333333333D-01
            0.83333333333333D-01  0.16666666666667D+00  0.83333333333333D-01
            0.16666666666667D+00  0.16666666666667D+00  0.83333333333333D-01
            0.25000000000000D+00  0.16666666666667D+00  0.83333333333333D-01
            0.33333333333333D+00  0.16666666666667D+00  0.83333333333333D-01
            0.41666666666667D+00  0.16666666666667D+00  0.83333333333333D-01
            0.50000000000000D+00  0.16666666666667D+00  0.83333333333333D-01
           -0.41666666666667D+00  0.16666666666667D+00  0.83333333333333D-01
           -0.33333333333333D+00  0.16666666666667D+00  0.83333333333333D-01
           -0.25000000000000D+00  0.16666666666667D+00  0.83333333333333D-01
           -0.16666666666667D+00  0.16666666666667D+00  0.83333333333333D-01
           -0.83333333333333D-01  0.16666666666667D+00  0.83333333333333D-01
            0.00000000000000D+00  0.25000000000000D+00  0.83333333333333D-01
            0.83333333333333D-01  0.25000000000000D+00  0.83333333333333D-01
            0.16666666666667D+00  0.25000000000000D+00  0.83333333333333D-01
            0.25000000000000D+00  0.25000000000000D+00  0.83333333333333D-01
            0.33333333333333D+00  0.25000000000000D+00  0.83333333333333D-01
            0.41666666666667D+00  0.25000000000000D+00  0.83333333333333D-01
            0.50000000000000D+00  0.25000000000000D+00  0.83333333333333D-01
           -0.41666666666667D+00  0.25000000000000D+00  0.83333333333333D-01
           -0.33333333333333D+00  0.25000000000000D+00  0.83333333333333D-01
           -0.25000000000000D+00  0.25000000000000D+00  0.83333333333333D-01
           -0.16666666666667D+00  0.25000000000000D+00  0.83333333333333D-01
           -0.83333333333333D-01  0.25000000000000D+00  0.83333333333333D-01
            0.00000000000000D+00  0.33333333333333D+00  0.83333333333333D-01
            0.83333333333333D-01  0.33333333333333D+00  0.83333333333333D-01
            0.16666666666667D+00  0.33333333333333D+00  0.83333333333333D-01
            0.25000000000000D+00  0.33333333333333D+00  0.83333333333333D-01
            0.33333333333333D+00  0.33333333333333D+00  0.83333333333333D-01
            0.41666666666667D+00  0.33333333333333D+00  0.83333333333333D-01
            0.50000000000000D+00  0.33333333333333D+00  0.83333333333333D-01
           -0.41666666666667D+00  0.33333333333333D+00  0.83333333333333D-01
           -0.33333333333333D+00  0.33333333333333D+00  0.83333333333333D-01
           -0.25000000000000D+00  0.33333333333333D+00  0.83333333333333D-01
           -0.16666666666667D+00  0.33333333333333D+00  0.83333333333333D-01
           -0.83333333333333D-01  0.33333333333333D+00  0.83333333333333D-01
            0.00000000000000D+00  0.41666666666667D+00  0.83333333333333D-01
            0.83333333333333D-01  0.41666666666667D+00  0.83333333333333D-01
            0.16666666666667D+00  0.41666666666667D+00  0.83333333333333D-01
            0.25000000000000D+00  0.41666666666667D+00  0.83333333333333D-01
            0.33333333333333D+00  0.41666666666667D+00  0.83333333333333D-01
            0.41666666666667D+00  0.41666666666667D+00  0.83333333333333D-01
            0.50000000000000D+00  0.41666666666667D+00  0.83333333333333D-01
           -0.41666666666667D+00  0.41666666666667D+00  0.83333333333333D-01
           -0.33333333333333D+00  0.41666666666667D+00  0.83333333333333D-01
           -0.25000000000000D+00  0.41666666666667D+00  0.83333333333333D-01
           -0.16666666666667D+00  0.41666666666667D+00  0.83333333333333D-01
           -0.83333333333333D-01  0.41666666666667D+00  0.83333333333333D-01
            0.00000000000000D+00  0.50000000000000D+00  0.83333333333333D-01
            0.83333333333333D-01  0.50000000000000D+00  0.83333333333333D-01
            0.16666666666667D+00  0.50000000000000D+00  0.83333333333333D-01
            0.25000000000000D+00  0.50000000000000D+00  0.83333333333333D-01
            0.33333333333333D+00  0.50000000000000D+00  0.83333333333333D-01
            0.41666666666667D+00  0.50000000000000D+00  0.83333333333333D-01
            0.50000000000000D+00  0.50000000000000D+00  0.83333333333333D-01
           -0.41666666666667D+00  0.50000000000000D+00  0.83333333333333D-01
           -0.33333333333333D+00  0.50000000000000D+00  0.83333333333333D-01
           -0.25000000000000D+00  0.50000000000000D+00  0.83333333333333D-01
           -0.16666666666667D+00  0.50000000000000D+00  0.83333333333333D-01
           -0.83333333333333D-01  0.50000000000000D+00  0.83333333333333D-01
            0.00000000000000D+00 -0.41666666666667D+00  0.83333333333333D-01
            0.83333333333333D-01 -0.41666666666667D+00  0.83333333333333D-01
            0.16666666666667D+00 -0.41666666666667D+00  0.83333333333333D-01
            0.25000000000000D+00 -0.41666666666667D+00  0.83333333333333D-01
            0.33333333333333D+00 -0.41666666666667D+00  0.83333333333333D-01
            0.41666666666667D+00 -0.41666666666667D+00  0.83333333333333D-01
            0.50000000000000D+00 -0.41666666666667D+00  0.83333333333333D-01
           -0.41666666666667D+00 -0.41666666666667D+00  0.83333333333333D-01
           -0.33333333333333D+00 -0.41666666666667D+00  0.83333333333333D-01
           -0.25000000000000D+00 -0.41666666666667D+00  0.83333333333333D-01
           -0.16666666666667D+00 -0.41666666666667D+00  0.83333333333333D-01
           -0.83333333333333D-01 -0.41666666666667D+00  0.83333333333333D-01
            0.00000000000000D+00 -0.33333333333333D+00  0.83333333333333D-01
            0.83333333333333D-01 -0.33333333333333D+00  0.83333333333333D-01
            0.16666666666667D+00 -0.33333333333333D+00  0.83333333333333D-01
            0.25000000000000D+00 -0.33333333333333D+00  0.83333333333333D-01
            0.33333333333333D+00 -0.33333333333333D+00  0.83333333333333D-01
            0.41666666666667D+00 -0.33333333333333D+00  0.83333333333333D-01
            0.50000000000000D+00 -0.33333333333333D+00  0.83333333333333D-01
           -0.41666666666667D+00 -0.33333333333333D+00  0.83333333333333D-01
           -0.33333333333333D+00 -0.33333333333333D+00  0.83333333333333D-01
           -0.25000000000000D+00 -0.33333333333333D+00  0.83333333333333D-01
           -0.16666666666667D+00 -0.33333333333333D+00  0.83333333333333D-01
           -0.83333333333333D-01 -0.33333333333333D+00  0.83333333333333D-01
            0.00000000000000D+00 -0.25000000000000D+00  0.83333333333333D-01
            0.83333333333333D-01 -0.25000000000000D+00  0.83333333333333D-01
            0.16666666666667D+00 -0.25000000000000D+00  0.83333333333333D-01
            0.25000000000000D+00 -0.25000000000000D+00  0.83333333333333D-01
            0.33333333333333D+00 -0.25000000000000D+00  0.83333333333333D-01
            0.41666666666667D+00 -0.25000000000000D+00  0.83333333333333D-01
            0.50000000000000D+00 -0.25000000000000D+00  0.83333333333333D-01
           -0.41666666666667D+00 -0.25000000000000D+00  0.83333333333333D-01
           -0.33333333333333D+00 -0.25000000000000D+00  0.83333333333333D-01
           -0.25000000000000D+00 -0.25000000000000D+00  0.83333333333333D-01
           -0.16666666666667D+00 -0.25000000000000D+00  0.83333333333333D-01
           -0.83333333333333D-01 -0.25000000000000D+00  0.83333333333333D-01
            0.00000000000000D+00 -0.16666666666667D+00  0.83333333333333D-01
            0.83333333333333D-01 -0.16666666666667D+00  0.83333333333333D-01
            0.16666666666667D+00 -0.16666666666667D+00  0.83333333333333D-01
            0.25000000000000D+00 -0.16666666666667D+00  0.83333333333333D-01
            0.33333333333333D+00 -0.16666666666667D+00  0.83333333333333D-01
            0.41666666666667D+00 -0.16666666666667D+00  0.83333333333333D-01
            0.50000000000000D+00 -0.16666666666667D+00  0.83333333333333D-01
           -0.41666666666667D+00 -0.16666666666667D+00  0.83333333333333D-01
           -0.33333333333333D+00 -0.16666666666667D+00  0.83333333333333D-01
           -0.25000000000000D+00 -0.16666666666667D+00  0.83333333333333D-01
           -0.16666666666667D+00 -0.16666666666667D+00  0.83333333333333D-01
           -0.83333333333333D-01 -0.16666666666667D+00  0.83333333333333D-01
            0.00000000000000D+00 -0.83333333333333D-01  0.83333333333333D-01
            0.83333333333333D-01 -0.83333333333333D-01  0.83333333333333D-01
            0.16666666666667D+00 -0.83333333333333D-01  0.83333333333333D-01
            0.25000000000000D+00 -0.83333333333333D-01  0.83333333333333D-01
            0.33333333333333D+00 -0.83333333333333D-01  0.83333333333333D-01
            0.41666666666667D+00 -0.83333333333333D-01  0.83333333333333D-01
            0.50000000000000D+00 -0.83333333333333D-01  0.83333333333333D-01
           -0.41666666666667D+00 -0.83333333333333D-01  0.83333333333333D-01
           -0.33333333333333D+00 -0.83333333333333D-01  0.83333333333333D-01
           -0.25000000000000D+00 -0.83333333333333D-01  0.83333333333333D-01
           -0.16666666666667D+00 -0.83333333333333D-01  0.83333333333333D-01
           -0.83333333333333D-01 -0.83333333333333D-01  0.83333333333333D-01
            0.00000000000000D+00  0.00000000000000D+00  0.16666666666667D+00
            0.83333333333333D-01  0.00000000000000D+00  0.16666666666667D+00
            0.16666666666667D+00  0.00000000000000D+00  0.16666666666667D+00
            0.25000000000000D+00  0.00000000000000D+00  0.16666666666667D+00
            0.33333333333333D+00  0.00000000000000D+00  0.16666666666667D+00
            0.41666666666667D+00  0.00000000000000D+00  0.16666666666667D+00
            0.50000000000000D+00  0.00000000000000D+00  0.16666666666667D+00
           -0.41666666666667D+00  0.00000000000000D+00  0.16666666666667D+00
           -0.33333333333333D+00  0.00000000000000D+00  0.16666666666667D+00
           -0.25000000000000D+00  0.00000000000000D+00  0.16666666666667D+00
           -0.16666666666667D+00  0.00000000000000D+00  0.16666666666667D+00
           -0.83333333333333D-01  0.00000000000000D+00  0.16666666666667D+00
            0.00000000000000D+00  0.83333333333333D-01  0.16666666666667D+00
            0.83333333333333D-01  0.83333333333333D-01  0.16666666666667D+00
            0.16666666666667D+00  0.83333333333333D-01  0.16666666666667D+00
            0.25000000000000D+00  0.83333333333333D-01  0.16666666666667D+00
            0.33333333333333D+00  0.83333333333333D-01  0.16666666666667D+00
            0.41666666666667D+00  0.83333333333333D-01  0.16666666666667D+00
            0.50000000000000D+00  0.83333333333333D-01  0.16666666666667D+00
           -0.41666666666667D+00  0.83333333333333D-01  0.16666666666667D+00
           -0.33333333333333D+00  0.83333333333333D-01  0.16666666666667D+00
           -0.25000000000000D+00  0.83333333333333D-01  0.16666666666667D+00
           -0.16666666666667D+00  0.83333333333333D-01  0.16666666666667D+00
           -0.83333333333333D-01  0.83333333333333D-01  0.16666666666667D+00
            0.00000000000000D+00  0.16666666666667D+00  0.16666666666667D+00
            0.83333333333333D-01  0.16666666666667D+00  0.16666666666667D+00
            0.16666666666667D+00  0.16666666666667D+00  0.16666666666667D+00
            0.25000000000000D+00  0.16666666666667D+00  0.16666666666667D+00
            0.33333333333333D+00  0.16666666666667D+00  0.16666666666667D+00
            0.41666666666667D+00  0.16666666666667D+00  0.16666666666667D+00
            0.50000000000000D+00  0.16666666666667D+00  0.16666666666667D+00
           -0.41666666666667D+00  0.16666666666667D+00  0.16666666666667D+00
           -0.33333333333333D+00  0.16666666666667D+00  0.16666666666667D+00
           -0.25000000000000D+00  0.16666666666667D+00  0.16666666666667D+00
           -0.16666666666667D+00  0.16666666666667D+00  0.16666666666667D+00
           -0.83333333333333D-01  0.16666666666667D+00  0.16666666666667D+00
            0.00000000000000D+00  0.25000000000000D+00  0.16666666666667D+00
            0.83333333333333D-01  0.25000000000000D+00  0.16666666666667D+00
            0.16666666666667D+00  0.25000000000000D+00  0.16666666666667D+00
            0.25000000000000D+00  0.25000000000000D+00  0.16666666666667D+00
            0.33333333333333D+00  0.25000000000000D+00  0.16666666666667D+00
            0.41666666666667D+00  0.25000000000000D+00  0.16666666666667D+00
            0.50000000000000D+00  0.25000000000000D+00  0.16666666666667D+00
           -0.41666666666667D+00  0.25000000000000D+00  0.16666666666667D+00
           -0.33333333333333D+00  0.25000000000000D+00  0.16666666666667D+00
           -0.25000000000000D+00  0.25000000000000D+00  0.16666666666667D+00
           -0.16666666666667D+00  0.25000000000000D+00  0.16666666666667D+00
           -0.83333333333333D-01  0.25000000000000D+00  0.16666666666667D+00
            0.00000000000000D+00  0.33333333333333D+00  0.16666666666667D+00
            0.83333333333333D-01  0.33333333333333D+00  0.16666666666667D+00
            0.16666666666667D+00  0.33333333333333D+00  0.16666666666667D+00
            0.25000000000000D+00  0.33333333333333D+00  0.16666666666667D+00
            0.33333333333333D+00  0.33333333333333D+00  0.16666666666667D+00
            0.41666666666667D+00  0.33333333333333D+00  0.16666666666667D+00
            0.50000000000000D+00  0.33333333333333D+00  0.16666666666667D+00
           -0.41666666666667D+00  0.33333333333333D+00  0.16666666666667D+00
           -0.33333333333333D+00  0.33333333333333D+00  0.16666666666667D+00
           -0.25000000000000D+00  0.33333333333333D+00  0.16666666666667D+00
           -0.16666666666667D+00  0.33333333333333D+00  0.16666666666667D+00
           -0.83333333333333D-01  0.33333333333333D+00  0.16666666666667D+00
            0.00000000000000D+00  0.41666666666667D+00  0.16666666666667D+00
            0.83333333333333D-01  0.41666666666667D+00  0.16666666666667D+00
            0.16666666666667D+00  0.41666666666667D+00  0.16666666666667D+00
            0.25000000000000D+00  0.41666666666667D+00  0.16666666666667D+00
            0.33333333333333D+00  0.41666666666667D+00  0.16666666666667D+00
            0.41666666666667D+00  0.41666666666667D+00  0.16666666666667D+00
            0.50000000000000D+00  0.41666666666667D+00  0.16666666666667D+00
           -0.41666666666667D+00  0.41666666666667D+00  0.16666666666667D+00
           -0.33333333333333D+00  0.41666666666667D+00  0.16666666666667D+00
           -0.25000000000000D+00  0.41666666666667D+00  0.16666666666667D+00
           -0.16666666666667D+00  0.41666666666667D+00  0.16666666666667D+00
           -0.83333333333333D-01  0.41666666666667D+00  0.16666666666667D+00
            0.00000000000000D+00  0.50000000000000D+00  0.16666666666667D+00
            0.83333333333333D-01  0.50000000000000D+00  0.16666666666667D+00
            0.16666666666667D+00  0.50000000000000D+00  0.16666666666667D+00
            0.25000000000000D+00  0.50000000000000D+00  0.16666666666667D+00
            0.33333333333333D+00  0.50000000000000D+00  0.16666666666667D+00
            0.41666666666667D+00  0.50000000000000D+00  0.16666666666667D+00
            0.50000000000000D+00  0.50000000000000D+00  0.16666666666667D+00
           -0.41666666666667D+00  0.50000000000000D+00  0.16666666666667D+00
           -0.33333333333333D+00  0.50000000000000D+00  0.16666666666667D+00
           -0.25000000000000D+00  0.50000000000000D+00  0.16666666666667D+00
           -0.16666666666667D+00  0.50000000000000D+00  0.16666666666667D+00
           -0.83333333333333D-01  0.50000000000000D+00  0.16666666666667D+00
            0.00000000000000D+00 -0.41666666666667D+00  0.16666666666667D+00
            0.83333333333333D-01 -0.41666666666667D+00  0.16666666666667D+00
            0.16666666666667D+00 -0.41666666666667D+00  0.16666666666667D+00
            0.25000000000000D+00 -0.41666666666667D+00  0.16666666666667D+00
            0.33333333333333D+00 -0.41666666666667D+00  0.16666666666667D+00
            0.41666666666667D+00 -0.41666666666667D+00  0.16666666666667D+00
            0.50000000000000D+00 -0.41666666666667D+00  0.16666666666667D+00
           -0.41666666666667D+00 -0.41666666666667D+00  0.16666666666667D+00
           -0.33333333333333D+00 -0.41666666666667D+00  0.16666666666667D+00
           -0.25000000000000D+00 -0.41666666666667D+00  0.16666666666667D+00
           -0.16666666666667D+00 -0.41666666666667D+00  0.16666666666667D+00
           -0.83333333333333D-01 -0.41666666666667D+00  0.16666666666667D+00
            0.00000000000000D+00 -0.33333333333333D+00  0.16666666666667D+00
            0.83333333333333D-01 -0.33333333333333D+00  0.16666666666667D+00
            0.16666666666667D+00 -0.33333333333333D+00  0.16666666666667D+00
            0.25000000000000D+00 -0.33333333333333D+00  0.16666666666667D+00
            0.33333333333333D+00 -0.33333333333333D+00  0.16666666666667D+00
            0.41666666666667D+00 -0.33333333333333D+00  0.16666666666667D+00
            0.50000000000000D+00 -0.33333333333333D+00  0.16666666666667D+00
           -0.41666666666667D+00 -0.33333333333333D+00  0.16666666666667D+00
           -0.33333333333333D+00 -0.33333333333333D+00  0.16666666666667D+00
           -0.25000000000000D+00 -0.33333333333333D+00  0.16666666666667D+00
           -0.16666666666667D+00 -0.33333333333333D+00  0.16666666666667D+00
           -0.83333333333333D-01 -0.33333333333333D+00  0.16666666666667D+00
            0.00000000000000D+00 -0.25000000000000D+00  0.16666666666667D+00
            0.83333333333333D-01 -0.25000000000000D+00  0.16666666666667D+00
            0.16666666666667D+00 -0.25000000000000D+00  0.16666666666667D+00
            0.25000000000000D+00 -0.25000000000000D+00  0.16666666666667D+00
            0.33333333333333D+00 -0.25000000000000D+00  0.16666666666667D+00
            0.41666666666667D+00 -0.25000000000000D+00  0.16666666666667D+00
            0.50000000000000D+00 -0.25000000000000D+00  0.16666666666667D+00
           -0.41666666666667D+00 -0.25000000000000D+00  0.16666666666667D+00
           -0.33333333333333D+00 -0.25000000000000D+00  0.16666666666667D+00
           -0.25000000000000D+00 -0.25000000000000D+00  0.16666666666667D+00
           -0.16666666666667D+00 -0.25000000000000D+00  0.16666666666667D+00
           -0.83333333333333D-01 -0.25000000000000D+00  0.16666666666667D+00
            0.00000000000000D+00 -0.16666666666667D+00  0.16666666666667D+00
            0.83333333333333D-01 -0.16666666666667D+00  0.16666666666667D+00
            0.16666666666667D+00 -0.16666666666667D+00  0.16666666666667D+00
            0.25000000000000D+00 -0.16666666666667D+00  0.16666666666667D+00
            0.33333333333333D+00 -0.16666666666667D+00  0.16666666666667D+00
            0.41666666666667D+00 -0.16666666666667D+00  0.16666666666667D+00
            0.50000000000000D+00 -0.16666666666667D+00  0.16666666666667D+00
           -0.41666666666667D+00 -0.16666666666667D+00  0.16666666666667D+00
           -0.33333333333333D+00 -0.16666666666667D+00  0.16666666666667D+00
           -0.25000000000000D+00 -0.16666666666667D+00  0.16666666666667D+00
           -0.16666666666667D+00 -0.16666666666667D+00  0.16666666666667D+00
           -0.83333333333333D-01 -0.16666666666667D+00  0.16666666666667D+00
            0.00000000000000D+00 -0.83333333333333D-01  0.16666666666667D+00
            0.83333333333333D-01 -0.83333333333333D-01  0.16666666666667D+00
            0.16666666666667D+00 -0.83333333333333D-01  0.16666666666667D+00
            0.25000000000000D+00 -0.83333333333333D-01  0.16666666666667D+00
            0.33333333333333D+00 -0.83333333333333D-01  0.16666666666667D+00
            0.41666666666667D+00 -0.83333333333333D-01  0.16666666666667D+00
            0.50000000000000D+00 -0.83333333333333D-01  0.16666666666667D+00
           -0.41666666666667D+00 -0.83333333333333D-01  0.16666666666667D+00
           -0.33333333333333D+00 -0.83333333333333D-01  0.16666666666667D+00
           -0.25000000000000D+00 -0.83333333333333D-01  0.16666666666667D+00
           -0.16666666666667D+00 -0.83333333333333D-01  0.16666666666667D+00
           -0.83333333333333D-01 -0.83333333333333D-01  0.16666666666667D+00
            0.00000000000000D+00  0.00000000000000D+00  0.25000000000000D+00
            0.83333333333333D-01  0.00000000000000D+00  0.25000000000000D+00
            0.16666666666667D+00  0.00000000000000D+00  0.25000000000000D+00
            0.25000000000000D+00  0.00000000000000D+00  0.25000000000000D+00
            0.33333333333333D+00  0.00000000000000D+00  0.25000000000000D+00
            0.41666666666667D+00  0.00000000000000D+00  0.25000000000000D+00
            0.50000000000000D+00  0.00000000000000D+00  0.25000000000000D+00
           -0.41666666666667D+00  0.00000000000000D+00  0.25000000000000D+00
           -0.33333333333333D+00  0.00000000000000D+00  0.25000000000000D+00
           -0.25000000000000D+00  0.00000000000000D+00  0.25000000000000D+00
           -0.16666666666667D+00  0.00000000000000D+00  0.25000000000000D+00
           -0.83333333333333D-01  0.00000000000000D+00  0.25000000000000D+00
            0.00000000000000D+00  0.83333333333333D-01  0.25000000000000D+00
            0.83333333333333D-01  0.83333333333333D-01  0.25000000000000D+00
            0.16666666666667D+00  0.83333333333333D-01  0.25000000000000D+00
            0.25000000000000D+00  0.83333333333333D-01  0.25000000000000D+00
            0.33333333333333D+00  0.83333333333333D-01  0.25000000000000D+00
            0.41666666666667D+00  0.83333333333333D-01  0.25000000000000D+00
            0.50000000000000D+00  0.83333333333333D-01  0.25000000000000D+00
           -0.41666666666667D+00  0.83333333333333D-01  0.25000000000000D+00
           -0.33333333333333D+00  0.83333333333333D-01  0.25000000000000D+00
           -0.25000000000000D+00  0.83333333333333D-01  0.25000000000000D+00
           -0.16666666666667D+00  0.83333333333333D-01  0.25000000000000D+00
           -0.83333333333333D-01  0.83333333333333D-01  0.25000000000000D+00
            0.00000000000000D+00  0.16666666666667D+00  0.25000000000000D+00
            0.83333333333333D-01  0.16666666666667D+00  0.25000000000000D+00
            0.16666666666667D+00  0.16666666666667D+00  0.25000000000000D+00
            0.25000000000000D+00  0.16666666666667D+00  0.25000000000000D+00
            0.33333333333333D+00  0.16666666666667D+00  0.25000000000000D+00
            0.41666666666667D+00  0.16666666666667D+00  0.25000000000000D+00
            0.50000000000000D+00  0.16666666666667D+00  0.25000000000000D+00
           -0.41666666666667D+00  0.16666666666667D+00  0.25000000000000D+00
           -0.33333333333333D+00  0.16666666666667D+00  0.25000000000000D+00
           -0.25000000000000D+00  0.16666666666667D+00  0.25000000000000D+00
           -0.16666666666667D+00  0.16666666666667D+00  0.25000000000000D+00
           -0.83333333333333D-01  0.16666666666667D+00  0.25000000000000D+00
            0.00000000000000D+00  0.25000000000000D+00  0.25000000000000D+00
            0.83333333333333D-01  0.25000000000000D+00  0.25000000000000D+00
            0.16666666666667D+00  0.25000000000000D+00  0.25000000000000D+00
            0.25000000000000D+00  0.25000000000000D+00  0.25000000000000D+00
            0.33333333333333D+00  0.25000000000000D+00  0.25000000000000D+00
            0.41666666666667D+00  0.25000000000000D+00  0.25000000000000D+00
            0.50000000000000D+00  0.25000000000000D+00  0.25000000000000D+00
           -0.41666666666667D+00  0.25000000000000D+00  0.25000000000000D+00
           -0.33333333333333D+00  0.25000000000000D+00  0.25000000000000D+00
           -0.25000000000000D+00  0.25000000000000D+00  0.25000000000000D+00
           -0.16666666666667D+00  0.25000000000000D+00  0.25000000000000D+00
           -0.83333333333333D-01  0.25000000000000D+00  0.25000000000000D+00
            0.00000000000000D+00  0.33333333333333D+00  0.25000000000000D+00
            0.83333333333333D-01  0.33333333333333D+00  0.25000000000000D+00
            0.16666666666667D+00  0.33333333333333D+00  0.25000000000000D+00
            0.25000000000000D+00  0.33333333333333D+00  0.25000000000000D+00
            0.33333333333333D+00  0.33333333333333D+00  0.25000000000000D+00
            0.41666666666667D+00  0.33333333333333D+00  0.25000000000000D+00
            0.50000000000000D+00  0.33333333333333D+00  0.25000000000000D+00
           -0.41666666666667D+00  0.33333333333333D+00  0.25000000000000D+00
           -0.33333333333333D+00  0.33333333333333D+00  0.25000000000000D+00
           -0.25000000000000D+00  0.33333333333333D+00  0.25000000000000D+00
           -0.16666666666667D+00  0.33333333333333D+00  0.25000000000000D+00
           -0.83333333333333D-01  0.33333333333333D+00  0.25000000000000D+00
            0.00000000000000D+00  0.41666666666667D+00  0.25000000000000D+00
            0.83333333333333D-01  0.41666666666667D+00  0.25000000000000D+00
            0.16666666666667D+00  0.41666666666667D+00  0.25000000000000D+00
            0.25000000000000D+00  0.41666666666667D+00  0.25000000000000D+00
            0.33333333333333D+00  0.41666666666667D+00  0.25000000000000D+00
            0.41666666666667D+00  0.41666666666667D+00  0.25000000000000D+00
            0.50000000000000D+00  0.41666666666667D+00  0.25000000000000D+00
           -0.41666666666667D+00  0.41666666666667D+00  0.25000000000000D+00
           -0.33333333333333D+00  0.41666666666667D+00  0.25000000000000D+00
           -0.25000000000000D+00  0.41666666666667D+00  0.25000000000000D+00
           -0.16666666666667D+00  0.41666666666667D+00  0.25000000000000D+00
           -0.83333333333333D-01  0.41666666666667D+00  0.25000000000000D+00
            0.00000000000000D+00  0.50000000000000D+00  0.25000000000000D+00
            0.83333333333333D-01  0.50000000000000D+00  0.25000000000000D+00
            0.16666666666667D+00  0.50000000000000D+00  0.25000000000000D+00
            0.25000000000000D+00  0.50000000000000D+00  0.25000000000000D+00
            0.33333333333333D+00  0.50000000000000D+00  0.25000000000000D+00
            0.41666666666667D+00  0.50000000000000D+00  0.25000000000000D+00
            0.50000000000000D+00  0.50000000000000D+00  0.25000000000000D+00
           -0.41666666666667D+00  0.50000000000000D+00  0.25000000000000D+00
           -0.33333333333333D+00  0.50000000000000D+00  0.25000000000000D+00
           -0.25000000000000D+00  0.50000000000000D+00  0.25000000000000D+00
           -0.16666666666667D+00  0.50000000000000D+00  0.25000000000000D+00
           -0.83333333333333D-01  0.50000000000000D+00  0.25000000000000D+00
            0.00000000000000D+00 -0.41666666666667D+00  0.25000000000000D+00
            0.83333333333333D-01 -0.41666666666667D+00  0.25000000000000D+00
            0.16666666666667D+00 -0.41666666666667D+00  0.25000000000000D+00
            0.25000000000000D+00 -0.41666666666667D+00  0.25000000000000D+00
            0.33333333333333D+00 -0.41666666666667D+00  0.25000000000000D+00
            0.41666666666667D+00 -0.41666666666667D+00  0.25000000000000D+00
            0.50000000000000D+00 -0.41666666666667D+00  0.25000000000000D+00
           -0.41666666666667D+00 -0.41666666666667D+00  0.25000000000000D+00
           -0.33333333333333D+00 -0.41666666666667D+00  0.25000000000000D+00
           -0.25000000000000D+00 -0.41666666666667D+00  0.25000000000000D+00
           -0.16666666666667D+00 -0.41666666666667D+00  0.25000000000000D+00
           -0.83333333333333D-01 -0.41666666666667D+00  0.25000000000000D+00
            0.00000000000000D+00 -0.33333333333333D+00  0.25000000000000D+00
            0.83333333333333D-01 -0.33333333333333D+00  0.25000000000000D+00
            0.16666666666667D+00 -0.33333333333333D+00  0.25000000000000D+00
            0.25000000000000D+00 -0.33333333333333D+00  0.25000000000000D+00
            0.33333333333333D+00 -0.33333333333333D+00  0.25000000000000D+00
            0.41666666666667D+00 -0.33333333333333D+00  0.25000000000000D+00
            0.50000000000000D+00 -0.33333333333333D+00  0.25000000000000D+00
           -0.41666666666667D+00 -0.33333333333333D+00  0.25000000000000D+00
           -0.33333333333333D+00 -0.33333333333333D+00  0.25000000000000D+00
           -0.25000000000000D+00 -0.33333333333333D+00  0.25000000000000D+00
           -0.16666666666667D+00 -0.33333333333333D+00  0.25000000000000D+00
           -0.83333333333333D-01 -0.33333333333333D+00  0.25000000000000D+00
            0.00000000000000D+00 -0.25000000000000D+00  0.25000000000000D+00
            0.83333333333333D-01 -0.25000000000000D+00  0.25000000000000D+00
            0.16666666666667D+00 -0.25000000000000D+00  0.25000000000000D+00
            0.25000000000000D+00 -0.25000000000000D+00  0.25000000000000D+00
            0.33333333333333D+00 -0.25000000000000D+00  0.25000000000000D+00
            0.41666666666667D+00 -0.25000000000000D+00  0.25000000000000D+00
            0.50000000000000D+00 -0.25000000000000D+00  0.25000000000000D+00
           -0.41666666666667D+00 -0.25000000000000D+00  0.25000000000000D+00
           -0.33333333333333D+00 -0.25000000000000D+00  0.25000000000000D+00
           -0.25000000000000D+00 -0.25000000000000D+00  0.25000000000000D+00
           -0.16666666666667D+00 -0.25000000000000D+00  0.25000000000000D+00
           -0.83333333333333D-01 -0.25000000000000D+00  0.25000000000000D+00
            0.00000000000000D+00 -0.16666666666667D+00  0.25000000000000D+00
            0.83333333333333D-01 -0.16666666666667D+00  0.25000000000000D+00
            0.16666666666667D+00 -0.16666666666667D+00  0.25000000000000D+00
            0.25000000000000D+00 -0.16666666666667D+00  0.25000000000000D+00
            0.33333333333333D+00 -0.16666666666667D+00  0.25000000000000D+00
            0.41666666666667D+00 -0.16666666666667D+00  0.25000000000000D+00
            0.50000000000000D+00 -0.16666666666667D+00  0.25000000000000D+00
           -0.41666666666667D+00 -0.16666666666667D+00  0.25000000000000D+00
           -0.33333333333333D+00 -0.16666666666667D+00  0.25000000000000D+00
           -0.25000000000000D+00 -0.16666666666667D+00  0.25000000000000D+00
           -0.16666666666667D+00 -0.16666666666667D+00  0.25000000000000D+00
           -0.83333333333333D-01 -0.16666666666667D+00  0.25000000000000D+00
            0.00000000000000D+00 -0.83333333333333D-01  0.25000000000000D+00
            0.83333333333333D-01 -0.83333333333333D-01  0.25000000000000D+00
            0.16666666666667D+00 -0.83333333333333D-01  0.25000000000000D+00
            0.25000000000000D+00 -0.83333333333333D-01  0.25000000000000D+00
            0.33333333333333D+00 -0.83333333333333D-01  0.25000000000000D+00
            0.41666666666667D+00 -0.83333333333333D-01  0.25000000000000D+00
            0.50000000000000D+00 -0.83333333333333D-01  0.25000000000000D+00
           -0.41666666666667D+00 -0.83333333333333D-01  0.25000000000000D+00
           -0.33333333333333D+00 -0.83333333333333D-01  0.25000000000000D+00
           -0.25000000000000D+00 -0.83333333333333D-01  0.25000000000000D+00
           -0.16666666666667D+00 -0.83333333333333D-01  0.25000000000000D+00
           -0.83333333333333D-01 -0.83333333333333D-01  0.25000000000000D+00
            0.00000000000000D+00  0.00000000000000D+00  0.33333333333333D+00
            0.83333333333333D-01  0.00000000000000D+00  0.33333333333333D+00
            0.16666666666667D+00  0.00000000000000D+00  0.33333333333333D+00
            0.25000000000000D+00  0.00000000000000D+00  0.33333333333333D+00
            0.33333333333333D+00  0.00000000000000D+00  0.33333333333333D+00
            0.41666666666667D+00  0.00000000000000D+00  0.33333333333333D+00
            0.50000000000000D+00  0.00000000000000D+00  0.33333333333333D+00
           -0.41666666666667D+00  0.00000000000000D+00  0.33333333333333D+00
           -0.33333333333333D+00  0.00000000000000D+00  0.33333333333333D+00
           -0.25000000000000D+00  0.00000000000000D+00  0.33333333333333D+00
           -0.16666666666667D+00  0.00000000000000D+00  0.33333333333333D+00
           -0.83333333333333D-01  0.00000000000000D+00  0.33333333333333D+00
            0.00000000000000D+00  0.83333333333333D-01  0.33333333333333D+00
            0.83333333333333D-01  0.83333333333333D-01  0.33333333333333D+00
            0.16666666666667D+00  0.83333333333333D-01  0.33333333333333D+00
            0.25000000000000D+00  0.83333333333333D-01  0.33333333333333D+00
            0.33333333333333D+00  0.83333333333333D-01  0.33333333333333D+00
            0.41666666666667D+00  0.83333333333333D-01  0.33333333333333D+00
            0.50000000000000D+00  0.83333333333333D-01  0.33333333333333D+00
           -0.41666666666667D+00  0.83333333333333D-01  0.33333333333333D+00
           -0.33333333333333D+00  0.83333333333333D-01  0.33333333333333D+00
           -0.25000000000000D+00  0.83333333333333D-01  0.33333333333333D+00
           -0.16666666666667D+00  0.83333333333333D-01  0.33333333333333D+00
           -0.83333333333333D-01  0.83333333333333D-01  0.33333333333333D+00
            0.00000000000000D+00  0.16666666666667D+00  0.33333333333333D+00
            0.83333333333333D-01  0.16666666666667D+00  0.33333333333333D+00
            0.16666666666667D+00  0.16666666666667D+00  0.33333333333333D+00
            0.25000000000000D+00  0.16666666666667D+00  0.33333333333333D+00
            0.33333333333333D+00  0.16666666666667D+00  0.33333333333333D+00
            0.41666666666667D+00  0.16666666666667D+00  0.33333333333333D+00
            0.50000000000000D+00  0.16666666666667D+00  0.33333333333333D+00
           -0.41666666666667D+00  0.16666666666667D+00  0.33333333333333D+00
           -0.33333333333333D+00  0.16666666666667D+00  0.33333333333333D+00
           -0.25000000000000D+00  0.16666666666667D+00  0.33333333333333D+00
           -0.16666666666667D+00  0.16666666666667D+00  0.33333333333333D+00
           -0.83333333333333D-01  0.16666666666667D+00  0.33333333333333D+00
            0.00000000000000D+00  0.25000000000000D+00  0.33333333333333D+00
            0.83333333333333D-01  0.25000000000000D+00  0.33333333333333D+00
            0.16666666666667D+00  0.25000000000000D+00  0.33333333333333D+00
            0.25000000000000D+00  0.25000000000000D+00  0.33333333333333D+00
            0.33333333333333D+00  0.25000000000000D+00  0.33333333333333D+00
            0.41666666666667D+00  0.25000000000000D+00  0.33333333333333D+00
            0.50000000000000D+00  0.25000000000000D+00  0.33333333333333D+00
           -0.41666666666667D+00  0.25000000000000D+00  0.33333333333333D+00
           -0.33333333333333D+00  0.25000000000000D+00  0.33333333333333D+00
           -0.25000000000000D+00  0.25000000000000D+00  0.33333333333333D+00
           -0.16666666666667D+00  0.25000000000000D+00  0.33333333333333D+00
           -0.83333333333333D-01  0.25000000000000D+00  0.33333333333333D+00
            0.00000000000000D+00  0.33333333333333D+00  0.33333333333333D+00
            0.83333333333333D-01  0.33333333333333D+00  0.33333333333333D+00
            0.16666666666667D+00  0.33333333333333D+00  0.33333333333333D+00
            0.25000000000000D+00  0.33333333333333D+00  0.33333333333333D+00
            0.33333333333333D+00  0.33333333333333D+00  0.33333333333333D+00
            0.41666666666667D+00  0.33333333333333D+00  0.33333333333333D+00
            0.50000000000000D+00  0.33333333333333D+00  0.33333333333333D+00
           -0.41666666666667D+00  0.33333333333333D+00  0.33333333333333D+00
           -0.33333333333333D+00  0.33333333333333D+00  0.33333333333333D+00
           -0.25000000000000D+00  0.33333333333333D+00  0.33333333333333D+00
           -0.16666666666667D+00  0.33333333333333D+00  0.33333333333333D+00
           -0.83333333333333D-01  0.33333333333333D+00  0.33333333333333D+00
            0.00000000000000D+00  0.41666666666667D+00  0.33333333333333D+00
            0.83333333333333D-01  0.41666666666667D+00  0.33333333333333D+00
            0.16666666666667D+00  0.41666666666667D+00  0.33333333333333D+00
            0.25000000000000D+00  0.41666666666667D+00  0.33333333333333D+00
            0.33333333333333D+00  0.41666666666667D+00  0.33333333333333D+00
            0.41666666666667D+00  0.41666666666667D+00  0.33333333333333D+00
            0.50000000000000D+00  0.41666666666667D+00  0.33333333333333D+00
           -0.41666666666667D+00  0.41666666666667D+00  0.33333333333333D+00
           -0.33333333333333D+00  0.41666666666667D+00  0.33333333333333D+00
           -0.25000000000000D+00  0.41666666666667D+00  0.33333333333333D+00
           -0.16666666666667D+00  0.41666666666667D+00  0.33333333333333D+00
           -0.83333333333333D-01  0.41666666666667D+00  0.33333333333333D+00
            0.00000000000000D+00  0.50000000000000D+00  0.33333333333333D+00
            0.83333333333333D-01  0.50000000000000D+00  0.33333333333333D+00
            0.16666666666667D+00  0.50000000000000D+00  0.33333333333333D+00
            0.25000000000000D+00  0.50000000000000D+00  0.33333333333333D+00
            0.33333333333333D+00  0.50000000000000D+00  0.33333333333333D+00
            0.41666666666667D+00  0.50000000000000D+00  0.33333333333333D+00
            0.50000000000000D+00  0.50000000000000D+00  0.33333333333333D+00
           -0.41666666666667D+00  0.50000000000000D+00  0.33333333333333D+00
           -0.33333333333333D+00  0.50000000000000D+00  0.33333333333333D+00
           -0.25000000000000D+00  0.50000000000000D+00  0.33333333333333D+00
           -0.16666666666667D+00  0.50000000000000D+00  0.33333333333333D+00
           -0.83333333333333D-01  0.50000000000000D+00  0.33333333333333D+00
            0.00000000000000D+00 -0.41666666666667D+00  0.33333333333333D+00
            0.83333333333333D-01 -0.41666666666667D+00  0.33333333333333D+00
            0.16666666666667D+00 -0.41666666666667D+00  0.33333333333333D+00
            0.25000000000000D+00 -0.41666666666667D+00  0.33333333333333D+00
            0.33333333333333D+00 -0.41666666666667D+00  0.33333333333333D+00
            0.41666666666667D+00 -0.41666666666667D+00  0.33333333333333D+00
            0.50000000000000D+00 -0.41666666666667D+00  0.33333333333333D+00
           -0.41666666666667D+00 -0.41666666666667D+00  0.33333333333333D+00
           -0.33333333333333D+00 -0.41666666666667D+00  0.33333333333333D+00
           -0.25000000000000D+00 -0.41666666666667D+00  0.33333333333333D+00
           -0.16666666666667D+00 -0.41666666666667D+00  0.33333333333333D+00
           -0.83333333333333D-01 -0.41666666666667D+00  0.33333333333333D+00
            0.00000000000000D+00 -0.33333333333333D+00  0.33333333333333D+00
            0.83333333333333D-01 -0.33333333333333D+00  0.33333333333333D+00
            0.16666666666667D+00 -0.33333333333333D+00  0.33333333333333D+00
            0.25000000000000D+00 -0.33333333333333D+00  0.33333333333333D+00
            0.33333333333333D+00 -0.33333333333333D+00  0.33333333333333D+00
            0.41666666666667D+00 -0.33333333333333D+00  0.33333333333333D+00
            0.50000000000000D+00 -0.33333333333333D+00  0.33333333333333D+00
           -0.41666666666667D+00 -0.33333333333333D+00  0.33333333333333D+00
           -0.33333333333333D+00 -0.33333333333333D+00  0.33333333333333D+00
           -0.25000000000000D+00 -0.33333333333333D+00  0.33333333333333D+00
           -0.16666666666667D+00 -0.33333333333333D+00  0.33333333333333D+00
           -0.83333333333333D-01 -0.33333333333333D+00  0.33333333333333D+00
            0.00000000000000D+00 -0.25000000000000D+00  0.33333333333333D+00
            0.83333333333333D-01 -0.25000000000000D+00  0.33333333333333D+00
            0.16666666666667D+00 -0.25000000000000D+00  0.33333333333333D+00
            0.25000000000000D+00 -0.25000000000000D+00  0.33333333333333D+00
            0.33333333333333D+00 -0.25000000000000D+00  0.33333333333333D+00
            0.41666666666667D+00 -0.25000000000000D+00  0.33333333333333D+00
            0.50000000000000D+00 -0.25000000000000D+00  0.33333333333333D+00
           -0.41666666666667D+00 -0.25000000000000D+00  0.33333333333333D+00
           -0.33333333333333D+00 -0.25000000000000D+00  0.33333333333333D+00
           -0.25000000000000D+00 -0.25000000000000D+00  0.33333333333333D+00
           -0.16666666666667D+00 -0.25000000000000D+00  0.33333333333333D+00
           -0.83333333333333D-01 -0.25000000000000D+00  0.33333333333333D+00
            0.00000000000000D+00 -0.16666666666667D+00  0.33333333333333D+00
            0.83333333333333D-01 -0.16666666666667D+00  0.33333333333333D+00
            0.16666666666667D+00 -0.16666666666667D+00  0.33333333333333D+00
            0.25000000000000D+00 -0.16666666666667D+00  0.33333333333333D+00
            0.33333333333333D+00 -0.16666666666667D+00  0.33333333333333D+00
            0.41666666666667D+00 -0.16666666666667D+00  0.33333333333333D+00
            0.50000000000000D+00 -0.16666666666667D+00  0.33333333333333D+00
           -0.41666666666667D+00 -0.16666666666667D+00  0.33333333333333D+00
           -0.33333333333333D+00 -0.16666666666667D+00  0.33333333333333D+00
           -0.25000000000000D+00 -0.16666666666667D+00  0.33333333333333D+00
           -0.16666666666667D+00 -0.16666666666667D+00  0.33333333333333D+00
           -0.83333333333333D-01 -0.16666666666667D+00  0.33333333333333D+00
            0.00000000000000D+00 -0.83333333333333D-01  0.33333333333333D+00
            0.83333333333333D-01 -0.83333333333333D-01  0.33333333333333D+00
            0.16666666666667D+00 -0.83333333333333D-01  0.33333333333333D+00
            0.25000000000000D+00 -0.83333333333333D-01  0.33333333333333D+00
            0.33333333333333D+00 -0.83333333333333D-01  0.33333333333333D+00
            0.41666666666667D+00 -0.83333333333333D-01  0.33333333333333D+00
            0.50000000000000D+00 -0.83333333333333D-01  0.33333333333333D+00
           -0.41666666666667D+00 -0.83333333333333D-01  0.33333333333333D+00
           -0.33333333333333D+00 -0.83333333333333D-01  0.33333333333333D+00
           -0.25000000000000D+00 -0.83333333333333D-01  0.33333333333333D+00
           -0.16666666666667D+00 -0.83333333333333D-01  0.33333333333333D+00
           -0.83333333333333D-01 -0.83333333333333D-01  0.33333333333333D+00
            0.00000000000000D+00  0.00000000000000D+00  0.41666666666667D+00
            0.83333333333333D-01  0.00000000000000D+00  0.41666666666667D+00
            0.16666666666667D+00  0.00000000000000D+00  0.41666666666667D+00
            0.25000000000000D+00  0.00000000000000D+00  0.41666666666667D+00
            0.33333333333333D+00  0.00000000000000D+00  0.41666666666667D+00
            0.41666666666667D+00  0.00000000000000D+00  0.41666666666667D+00
            0.50000000000000D+00  0.00000000000000D+00  0.41666666666667D+00
           -0.41666666666667D+00  0.00000000000000D+00  0.41666666666667D+00
           -0.33333333333333D+00  0.00000000000000D+00  0.41666666666667D+00
           -0.25000000000000D+00  0.00000000000000D+00  0.41666666666667D+00
           -0.16666666666667D+00  0.00000000000000D+00  0.41666666666667D+00
           -0.83333333333333D-01  0.00000000000000D+00  0.41666666666667D+00
            0.00000000000000D+00  0.83333333333333D-01  0.41666666666667D+00
            0.83333333333333D-01  0.83333333333333D-01  0.41666666666667D+00
            0.16666666666667D+00  0.83333333333333D-01  0.41666666666667D+00
            0.25000000000000D+00  0.83333333333333D-01  0.41666666666667D+00
            0.33333333333333D+00  0.83333333333333D-01  0.41666666666667D+00
            0.41666666666667D+00  0.83333333333333D-01  0.41666666666667D+00
            0.50000000000000D+00  0.83333333333333D-01  0.41666666666667D+00
           -0.41666666666667D+00  0.83333333333333D-01  0.41666666666667D+00
           -0.33333333333333D+00  0.83333333333333D-01  0.41666666666667D+00
           -0.25000000000000D+00  0.83333333333333D-01  0.41666666666667D+00
           -0.16666666666667D+00  0.83333333333333D-01  0.41666666666667D+00
           -0.83333333333333D-01  0.83333333333333D-01  0.41666666666667D+00
            0.00000000000000D+00  0.16666666666667D+00  0.41666666666667D+00
            0.83333333333333D-01  0.16666666666667D+00  0.41666666666667D+00
            0.16666666666667D+00  0.16666666666667D+00  0.41666666666667D+00
            0.25000000000000D+00  0.16666666666667D+00  0.41666666666667D+00
            0.33333333333333D+00  0.16666666666667D+00  0.41666666666667D+00
            0.41666666666667D+00  0.16666666666667D+00  0.41666666666667D+00
            0.50000000000000D+00  0.16666666666667D+00  0.41666666666667D+00
           -0.41666666666667D+00  0.16666666666667D+00  0.41666666666667D+00
           -0.33333333333333D+00  0.16666666666667D+00  0.41666666666667D+00
           -0.25000000000000D+00  0.16666666666667D+00  0.41666666666667D+00
           -0.16666666666667D+00  0.16666666666667D+00  0.41666666666667D+00
           -0.83333333333333D-01  0.16666666666667D+00  0.41666666666667D+00
            0.00000000000000D+00  0.25000000000000D+00  0.41666666666667D+00
            0.83333333333333D-01  0.25000000000000D+00  0.41666666666667D+00
            0.16666666666667D+00  0.25000000000000D+00  0.41666666666667D+00
            0.25000000000000D+00  0.25000000000000D+00  0.41666666666667D+00
            0.33333333333333D+00  0.25000000000000D+00  0.41666666666667D+00
            0.41666666666667D+00  0.25000000000000D+00  0.41666666666667D+00
            0.50000000000000D+00  0.25000000000000D+00  0.41666666666667D+00
           -0.41666666666667D+00  0.25000000000000D+00  0.41666666666667D+00
           -0.33333333333333D+00  0.25000000000000D+00  0.41666666666667D+00
           -0.25000000000000D+00  0.25000000000000D+00  0.41666666666667D+00
           -0.16666666666667D+00  0.25000000000000D+00  0.41666666666667D+00
           -0.83333333333333D-01  0.25000000000000D+00  0.41666666666667D+00
            0.00000000000000D+00  0.33333333333333D+00  0.41666666666667D+00
            0.83333333333333D-01  0.33333333333333D+00  0.41666666666667D+00
            0.16666666666667D+00  0.33333333333333D+00  0.41666666666667D+00
            0.25000000000000D+00  0.33333333333333D+00  0.41666666666667D+00
            0.33333333333333D+00  0.33333333333333D+00  0.41666666666667D+00
            0.41666666666667D+00  0.33333333333333D+00  0.41666666666667D+00
            0.50000000000000D+00  0.33333333333333D+00  0.41666666666667D+00
           -0.41666666666667D+00  0.33333333333333D+00  0.41666666666667D+00
           -0.33333333333333D+00  0.33333333333333D+00  0.41666666666667D+00
           -0.25000000000000D+00  0.33333333333333D+00  0.41666666666667D+00
           -0.16666666666667D+00  0.33333333333333D+00  0.41666666666667D+00
           -0.83333333333333D-01  0.33333333333333D+00  0.41666666666667D+00
            0.00000000000000D+00  0.41666666666667D+00  0.41666666666667D+00
            0.83333333333333D-01  0.41666666666667D+00  0.41666666666667D+00
            0.16666666666667D+00  0.41666666666667D+00  0.41666666666667D+00
            0.25000000000000D+00  0.41666666666667D+00  0.41666666666667D+00
            0.33333333333333D+00  0.41666666666667D+00  0.41666666666667D+00
            0.41666666666667D+00  0.41666666666667D+00  0.41666666666667D+00
            0.50000000000000D+00  0.41666666666667D+00  0.41666666666667D+00
           -0.41666666666667D+00  0.41666666666667D+00  0.41666666666667D+00
           -0.33333333333333D+00  0.41666666666667D+00  0.41666666666667D+00
           -0.25000000000000D+00  0.41666666666667D+00  0.41666666666667D+00
           -0.16666666666667D+00  0.41666666666667D+00  0.41666666666667D+00
           -0.83333333333333D-01  0.41666666666667D+00  0.41666666666667D+00
            0.00000000000000D+00  0.50000000000000D+00  0.41666666666667D+00
            0.83333333333333D-01  0.50000000000000D+00  0.41666666666667D+00
            0.16666666666667D+00  0.50000000000000D+00  0.41666666666667D+00
            0.25000000000000D+00  0.50000000000000D+00  0.41666666666667D+00
            0.33333333333333D+00  0.50000000000000D+00  0.41666666666667D+00
            0.41666666666667D+00  0.50000000000000D+00  0.41666666666667D+00
            0.50000000000000D+00  0.50000000000000D+00  0.41666666666667D+00
           -0.41666666666667D+00  0.50000000000000D+00  0.41666666666667D+00
           -0.33333333333333D+00  0.50000000000000D+00  0.41666666666667D+00
           -0.25000000000000D+00  0.50000000000000D+00  0.41666666666667D+00
           -0.16666666666667D+00  0.50000000000000D+00  0.41666666666667D+00
           -0.83333333333333D-01  0.50000000000000D+00  0.41666666666667D+00
            0.00000000000000D+00 -0.41666666666667D+00  0.41666666666667D+00
            0.83333333333333D-01 -0.41666666666667D+00  0.41666666666667D+00
            0.16666666666667D+00 -0.41666666666667D+00  0.41666666666667D+00
            0.25000000000000D+00 -0.41666666666667D+00  0.41666666666667D+00
            0.33333333333333D+00 -0.41666666666667D+00  0.41666666666667D+00
            0.41666666666667D+00 -0.41666666666667D+00  0.41666666666667D+00
            0.50000000000000D+00 -0.41666666666667D+00  0.41666666666667D+00
           -0.41666666666667D+00 -0.41666666666667D+00  0.41666666666667D+00
           -0.33333333333333D+00 -0.41666666666667D+00  0.41666666666667D+00
           -0.25000000000000D+00 -0.41666666666667D+00  0.41666666666667D+00
           -0.16666666666667D+00 -0.41666666666667D+00  0.41666666666667D+00
           -0.83333333333333D-01 -0.41666666666667D+00  0.41666666666667D+00
            0.00000000000000D+00 -0.33333333333333D+00  0.41666666666667D+00
            0.83333333333333D-01 -0.33333333333333D+00  0.41666666666667D+00
            0.16666666666667D+00 -0.33333333333333D+00  0.41666666666667D+00
            0.25000000000000D+00 -0.33333333333333D+00  0.41666666666667D+00
            0.33333333333333D+00 -0.33333333333333D+00  0.41666666666667D+00
            0.41666666666667D+00 -0.33333333333333D+00  0.41666666666667D+00
            0.50000000000000D+00 -0.33333333333333D+00  0.41666666666667D+00
           -0.41666666666667D+00 -0.33333333333333D+00  0.41666666666667D+00
           -0.33333333333333D+00 -0.33333333333333D+00  0.41666666666667D+00
           -0.25000000000000D+00 -0.33333333333333D+00  0.41666666666667D+00
           -0.16666666666667D+00 -0.33333333333333D+00  0.41666666666667D+00
           -0.83333333333333D-01 -0.33333333333333D+00  0.41666666666667D+00
            0.00000000000000D+00 -0.25000000000000D+00  0.41666666666667D+00
            0.83333333333333D-01 -0.25000000000000D+00  0.41666666666667D+00
            0.16666666666667D+00 -0.25000000000000D+00  0.41666666666667D+00
            0.25000000000000D+00 -0.25000000000000D+00  0.41666666666667D+00
            0.33333333333333D+00 -0.25000000000000D+00  0.41666666666667D+00
            0.41666666666667D+00 -0.25000000000000D+00  0.41666666666667D+00
            0.50000000000000D+00 -0.25000000000000D+00  0.41666666666667D+00
           -0.41666666666667D+00 -0.25000000000000D+00  0.41666666666667D+00
           -0.33333333333333D+00 -0.25000000000000D+00  0.41666666666667D+00
           -0.25000000000000D+00 -0.25000000000000D+00  0.41666666666667D+00
           -0.16666666666667D+00 -0.25000000000000D+00  0.41666666666667D+00
           -0.83333333333333D-01 -0.25000000000000D+00  0.41666666666667D+00
            0.00000000000000D+00 -0.16666666666667D+00  0.41666666666667D+00
            0.83333333333333D-01 -0.16666666666667D+00  0.41666666666667D+00
            0.16666666666667D+00 -0.16666666666667D+00  0.41666666666667D+00
            0.25000000000000D+00 -0.16666666666667D+00  0.41666666666667D+00
            0.33333333333333D+00 -0.16666666666667D+00  0.41666666666667D+00
            0.41666666666667D+00 -0.16666666666667D+00  0.41666666666667D+00
            0.50000000000000D+00 -0.16666666666667D+00  0.41666666666667D+00
           -0.41666666666667D+00 -0.16666666666667D+00  0.41666666666667D+00
           -0.33333333333333D+00 -0.16666666666667D+00  0.41666666666667D+00
           -0.25000000000000D+00 -0.16666666666667D+00  0.41666666666667D+00
           -0.16666666666667D+00 -0.16666666666667D+00  0.41666666666667D+00
           -0.83333333333333D-01 -0.16666666666667D+00  0.41666666666667D+00
            0.00000000000000D+00 -0.83333333333333D-01  0.41666666666667D+00
            0.83333333333333D-01 -0.83333333333333D-01  0.41666666666667D+00
            0.16666666666667D+00 -0.83333333333333D-01  0.41666666666667D+00
            0.25000000000000D+00 -0.83333333333333D-01  0.41666666666667D+00
            0.33333333333333D+00 -0.83333333333333D-01  0.41666666666667D+00
            0.41666666666667D+00 -0.83333333333333D-01  0.41666666666667D+00
            0.50000000000000D+00 -0.83333333333333D-01  0.41666666666667D+00
           -0.41666666666667D+00 -0.83333333333333D-01  0.41666666666667D+00
           -0.33333333333333D+00 -0.83333333333333D-01  0.41666666666667D+00
           -0.25000000000000D+00 -0.83333333333333D-01  0.41666666666667D+00
           -0.16666666666667D+00 -0.83333333333333D-01  0.41666666666667D+00
           -0.83333333333333D-01 -0.83333333333333D-01  0.41666666666667D+00
            0.00000000000000D+00  0.00000000000000D+00  0.50000000000000D+00
            0.83333333333333D-01  0.00000000000000D+00  0.50000000000000D+00
            0.16666666666667D+00  0.00000000000000D+00  0.50000000000000D+00
            0.25000000000000D+00  0.00000000000000D+00  0.50000000000000D+00
            0.33333333333333D+00  0.00000000000000D+00  0.50000000000000D+00
            0.41666666666667D+00  0.00000000000000D+00  0.50000000000000D+00
            0.50000000000000D+00  0.00000000000000D+00  0.50000000000000D+00
            0.00000000000000D+00  0.83333333333333D-01  0.50000000000000D+00
            0.83333333333333D-01  0.83333333333333D-01  0.50000000000000D+00
            0.16666666666667D+00  0.83333333333333D-01  0.50000000000000D+00
            0.25000000000000D+00  0.83333333333333D-01  0.50000000000000D+00
            0.33333333333333D+00  0.83333333333333D-01  0.50000000000000D+00
            0.41666666666667D+00  0.83333333333333D-01  0.50000000000000D+00
            0.50000000000000D+00  0.83333333333333D-01  0.50000000000000D+00
           -0.41666666666667D+00  0.83333333333333D-01  0.50000000000000D+00
           -0.33333333333333D+00  0.83333333333333D-01  0.50000000000000D+00
           -0.25000000000000D+00  0.83333333333333D-01  0.50000000000000D+00
           -0.16666666666667D+00  0.83333333333333D-01  0.50000000000000D+00
           -0.83333333333333D-01  0.83333333333333D-01  0.50000000000000D+00
            0.00000000000000D+00  0.16666666666667D+00  0.50000000000000D+00
            0.83333333333333D-01  0.16666666666667D+00  0.50000000000000D+00
            0.16666666666667D+00  0.16666666666667D+00  0.50000000000000D+00
            0.25000000000000D+00  0.16666666666667D+00  0.50000000000000D+00
            0.33333333333333D+00  0.16666666666667D+00  0.50000000000000D+00
            0.41666666666667D+00  0.16666666666667D+00  0.50000000000000D+00
            0.50000000000000D+00  0.16666666666667D+00  0.50000000000000D+00
           -0.41666666666667D+00  0.16666666666667D+00  0.50000000000000D+00
           -0.33333333333333D+00  0.16666666666667D+00  0.50000000000000D+00
           -0.25000000000000D+00  0.16666666666667D+00  0.50000000000000D+00
           -0.16666666666667D+00  0.16666666666667D+00  0.50000000000000D+00
           -0.83333333333333D-01  0.16666666666667D+00  0.50000000000000D+00
            0.00000000000000D+00  0.25000000000000D+00  0.50000000000000D+00
            0.83333333333333D-01  0.25000000000000D+00  0.50000000000000D+00
            0.16666666666667D+00  0.25000000000000D+00  0.50000000000000D+00
            0.25000000000000D+00  0.25000000000000D+00  0.50000000000000D+00
            0.33333333333333D+00  0.25000000000000D+00  0.50000000000000D+00
            0.41666666666667D+00  0.25000000000000D+00  0.50000000000000D+00
            0.50000000000000D+00  0.25000000000000D+00  0.50000000000000D+00
           -0.41666666666667D+00  0.25000000000000D+00  0.50000000000000D+00
           -0.33333333333333D+00  0.25000000000000D+00  0.50000000000000D+00
           -0.25000000000000D+00  0.25000000000000D+00  0.50000000000000D+00
           -0.16666666666667D+00  0.25000000000000D+00  0.50000000000000D+00
           -0.83333333333333D-01  0.25000000000000D+00  0.50000000000000D+00
            0.00000000000000D+00  0.33333333333333D+00  0.50000000000000D+00
            0.83333333333333D-01  0.33333333333333D+00  0.50000000000000D+00
            0.16666666666667D+00  0.33333333333333D+00  0.50000000000000D+00
            0.25000000000000D+00  0.33333333333333D+00  0.50000000000000D+00
            0.33333333333333D+00  0.33333333333333D+00  0.50000000000000D+00
            0.41666666666667D+00  0.33333333333333D+00  0.50000000000000D+00
            0.50000000000000D+00  0.33333333333333D+00  0.50000000000000D+00
           -0.41666666666667D+00  0.33333333333333D+00  0.50000000000000D+00
           -0.33333333333333D+00  0.33333333333333D+00  0.50000000000000D+00
           -0.25000000000000D+00  0.33333333333333D+00  0.50000000000000D+00
           -0.16666666666667D+00  0.33333333333333D+00  0.50000000000000D+00
           -0.83333333333333D-01  0.33333333333333D+00  0.50000000000000D+00
            0.00000000000000D+00  0.41666666666667D+00  0.50000000000000D+00
            0.83333333333333D-01  0.41666666666667D+00  0.50000000000000D+00
            0.16666666666667D+00  0.41666666666667D+00  0.50000000000000D+00
            0.25000000000000D+00  0.41666666666667D+00  0.50000000000000D+00
            0.33333333333333D+00  0.41666666666667D+00  0.50000000000000D+00
            0.41666666666667D+00  0.41666666666667D+00  0.50000000000000D+00
            0.50000000000000D+00  0.41666666666667D+00  0.50000000000000D+00
           -0.41666666666667D+00  0.41666666666667D+00  0.50000000000000D+00
           -0.33333333333333D+00  0.41666666666667D+00  0.50000000000000D+00
           -0.25000000000000D+00  0.41666666666667D+00  0.50000000000000D+00
           -0.16666666666667D+00  0.41666666666667D+00  0.50000000000000D+00
           -0.83333333333333D-01  0.41666666666667D+00  0.50000000000000D+00
            0.00000000000000D+00  0.50000000000000D+00  0.50000000000000D+00
            0.83333333333333D-01  0.50000000000000D+00  0.50000000000000D+00
            0.16666666666667D+00  0.50000000000000D+00  0.50000000000000D+00
            0.25000000000000D+00  0.50000000000000D+00  0.50000000000000D+00
            0.33333333333333D+00  0.50000000000000D+00  0.50000000000000D+00
            0.41666666666667D+00  0.50000000000000D+00  0.50000000000000D+00
            0.50000000000000D+00  0.50000000000000D+00  0.50000000000000D+00
    kptnrm  0.10000000000000D+01
     ngfft        60   60   60
    nspden         1
   nspinor         1
       occ  0.20000000000000D+01  0.20000000000000D+01  0.20000000000000D+01
            0.20000000000000D+01  0.20000000000000D+01  0.20000000000000D+01
            0.20000000000000D+01  0.20000000000000D+01  0.20000000000000D+01
            0.20000000000000D+01  0.20000000000000D+01  0.20000000000000D+01
            0.20000000000000D+01  0.20000000000000D+01  0.20000000000000D+01
            0.14239071855974D-06  0.14144662862413D-06  0.00000000000000D+00
     rprim  0.68677859000000D+01  0.17055560000000D+00  0.10926757000000D+02
            0.32769269000000D+01  0.60379896000000D+01  0.10926757000000D+02
            0.27868780000000D+00  0.17055590000000D+00  0.12902823000000D+02
  dfpt_sciss  0.00000000000000D+00
    spinat  0.00000000000000D+00  0.00000000000000D+00  0.00000000000000D+00
            0.00000000000000D+00  0.00000000000000D+00  0.00000000000000D+00
            0.00000000000000D+00  0.00000000000000D+00  0.00000000000000D+00
    symafm         1
    symrel         1    0    0    0    1    0    0    0    1
     tnons  0.00000000000000D+00  0.00000000000000D+00  0.00000000000000D+00
    tolwfr  0.10000000000000D+01
   tphysel  0.00000000000000D+00
    tsmear  0.31668154197285D-02
     typat         1    2    2
       wtk  0.57870370370370D-03  0.11574074074074D-02  0.11574074074074D-02
            0.11574074074074D-02  0.11574074074074D-02  0.11574074074074D-02
            0.57870370370370D-03  0.11574074074074D-02  0.11574074074074D-02
            0.11574074074074D-02  0.11574074074074D-02  0.11574074074074D-02
            0.11574074074074D-02  0.11574074074074D-02  0.11574074074074D-02
            0.11574074074074D-02  0.11574074074074D-02  0.11574074074074D-02
            0.11574074074074D-02  0.11574074074074D-02  0.11574074074074D-02
            0.11574074074074D-02  0.11574074074074D-02  0.11574074074074D-02
            0.11574074074074D-02  0.11574074074074D-02  0.11574074074074D-02
            0.11574074074074D-02  0.11574074074074D-02  0.11574074074074D-02
            0.11574074074074D-02  0.11574074074074D-02  0.11574074074074D-02
            0.11574074074074D-02  0.11574074074074D-02  0.11574074074074D-02
            0.11574074074074D-02  0.11574074074074D-02  0.11574074074074D-02
            0.11574074074074D-02  0.11574074074074D-02  0.11574074074074D-02
            0.11574074074074D-02  0.11574074074074D-02  0.11574074074074D-02
            0.11574074074074D-02  0.11574074074074D-02  0.11574074074074D-02
            0.11574074074074D-02  0.11574074074074D-02  0.11574074074074D-02
            0.11574074074074D-02  0.11574074074074D-02  0.11574074074074D-02
            0.11574074074074D-02  0.11574074074074D-02  0.11574074074074D-02
            0.11574074074074D-02  0.11574074074074D-02  0.11574074074074D-02
            0.11574074074074D-02  0.11574074074074D-02  0.11574074074074D-02
            0.11574074074074D-02  0.11574074074074D-02  0.11574074074074D-02
            0.11574074074074D-02  0.57870370370370D-03  0.11574074074074D-02
            0.11574074074074D-02  0.11574074074074D-02  0.11574074074074D-02
            0.11574074074074D-02  0.57870370370370D-03  0.11574074074074D-02
            0.11574074074074D-02  0.11574074074074D-02  0.11574074074074D-02
            0.11574074074074D-02  0.11574074074074D-02  0.11574074074074D-02
            0.11574074074074D-02  0.11574074074074D-02  0.11574074074074D-02
            0.11574074074074D-02  0.11574074074074D-02  0.11574074074074D-02
            0.11574074074074D-02  0.11574074074074D-02  0.11574074074074D-02
            0.11574074074074D-02  0.11574074074074D-02  0.11574074074074D-02
            0.11574074074074D-02  0.11574074074074D-02  0.11574074074074D-02
            0.11574074074074D-02  0.11574074074074D-02  0.11574074074074D-02
            0.11574074074074D-02  0.11574074074074D-02  0.11574074074074D-02
            0.11574074074074D-02  0.11574074074074D-02  0.11574074074074D-02
            0.11574074074074D-02  0.11574074074074D-02  0.11574074074074D-02
            0.11574074074074D-02  0.11574074074074D-02  0.11574074074074D-02
            0.11574074074074D-02  0.11574074074074D-02  0.11574074074074D-02
            0.11574074074074D-02  0.11574074074074D-02  0.11574074074074D-02
            0.11574074074074D-02  0.11574074074074D-02  0.11574074074074D-02
            0.11574074074074D-02  0.11574074074074D-02  0.11574074074074D-02
            0.11574074074074D-02  0.11574074074074D-02  0.11574074074074D-02
            0.11574074074074D-02  0.11574074074074D-02  0.11574074074074D-02
            0.11574074074074D-02  0.11574074074074D-02  0.11574074074074D-02
            0.11574074074074D-02  0.11574074074074D-02  0.11574074074074D-02
            0.11574074074074D-02  0.11574074074074D-02  0.11574074074074D-02
            0.11574074074074D-02  0.11574074074074D-02  0.11574074074074D-02
            0.11574074074074D-02  0.11574074074074D-02  0.11574074074074D-02
            0.11574074074074D-02  0.11574074074074D-02  0.11574074074074D-02
            0.11574074074074D-02  0.11574074074074D-02  0.11574074074074D-02
            0.11574074074074D-02  0.11574074074074D-02  0.11574074074074D-02
            0.11574074074074D-02  0.11574074074074D-02  0.11574074074074D-02
            0.11574074074074D-02  0.11574074074074D-02  0.11574074074074D-02
            0.11574074074074D-02  0.11574074074074D-02  0.11574074074074D-02
            0.11574074074074D-02  0.11574074074074D-02  0.11574074074074D-02
            0.11574074074074D-02  0.11574074074074D-02  0.11574074074074D-02
            0.11574074074074D-02  0.11574074074074D-02  0.11574074074074D-02
            0.11574074074074D-02  0.11574074074074D-02  0.11574074074074D-02
            0.11574074074074D-02  0.11574074074074D-02  0.11574074074074D-02
            0.11574074074074D-02  0.11574074074074D-02  0.11574074074074D-02
            0.11574074074074D-02  0.11574074074074D-02  0.11574074074074D-02
            0.11574074074074D-02  0.11574074074074D-02  0.11574074074074D-02
            0.11574074074074D-02  0.11574074074074D-02  0.11574074074074D-02
            0.11574074074074D-02  0.11574074074074D-02  0.11574074074074D-02
            0.11574074074074D-02  0.11574074074074D-02  0.11574074074074D-02
            0.11574074074074D-02  0.11574074074074D-02  0.11574074074074D-02
            0.11574074074074D-02  0.11574074074074D-02  0.11574074074074D-02
            0.11574074074074D-02  0.11574074074074D-02  0.11574074074074D-02
            0.11574074074074D-02  0.11574074074074D-02  0.11574074074074D-02
            0.11574074074074D-02  0.11574074074074D-02  0.11574074074074D-02
            0.11574074074074D-02  0.11574074074074D-02  0.11574074074074D-02
            0.11574074074074D-02  0.11574074074074D-02  0.11574074074074D-02
            0.11574074074074D-02  0.11574074074074D-02  0.11574074074074D-02
            0.11574074074074D-02  0.11574074074074D-02  0.11574074074074D-02
            0.11574074074074D-02  0.11574074074074D-02  0.11574074074074D-02
            0.11574074074074D-02  0.11574074074074D-02  0.11574074074074D-02
            0.11574074074074D-02  0.11574074074074D-02  0.11574074074074D-02
            0.11574074074074D-02  0.11574074074074D-02  0.11574074074074D-02
            0.11574074074074D-02  0.11574074074074D-02  0.11574074074074D-02
            0.11574074074074D-02  0.11574074074074D-02  0.11574074074074D-02
            0.11574074074074D-02  0.11574074074074D-02  0.11574074074074D-02
            0.11574074074074D-02  0.11574074074074D-02  0.11574074074074D-02
            0.11574074074074D-02  0.11574074074074D-02  0.11574074074074D-02
            0.11574074074074D-02  0.11574074074074D-02  0.11574074074074D-02
            0.11574074074074D-02  0.11574074074074D-02  0.11574074074074D-02
            0.11574074074074D-02  0.11574074074074D-02  0.11574074074074D-02
            0.11574074074074D-02  0.11574074074074D-02  0.11574074074074D-02
            0.11574074074074D-02  0.11574074074074D-02  0.11574074074074D-02
            0.11574074074074D-02  0.11574074074074D-02  0.11574074074074D-02
            0.11574074074074D-02  0.11574074074074D-02  0.11574074074074D-02
            0.11574074074074D-02  0.11574074074074D-02  0.11574074074074D-02
            0.11574074074074D-02  0.11574074074074D-02  0.11574074074074D-02
            0.11574074074074D-02  0.11574074074074D-02  0.11574074074074D-02
            0.11574074074074D-02  0.11574074074074D-02  0.11574074074074D-02
            0.11574074074074D-02  0.11574074074074D-02  0.11574074074074D-02
            0.11574074074074D-02  0.11574074074074D-02  0.11574074074074D-02
            0.11574074074074D-02  0.11574074074074D-02  0.11574074074074D-02
            0.11574074074074D-02  0.11574074074074D-02  0.11574074074074D-02
            0.11574074074074D-02  0.11574074074074D-02  0.11574074074074D-02
            0.11574074074074D-02  0.11574074074074D-02  0.11574074074074D-02
            0.11574074074074D-02  0.11574074074074D-02  0.11574074074074D-02
            0.11574074074074D-02  0.11574074074074D-02  0.11574074074074D-02
            0.11574074074074D-02  0.11574074074074D-02  0.11574074074074D-02
            0.11574074074074D-02  0.11574074074074D-02  0.11574074074074D-02
            0.11574074074074D-02  0.11574074074074D-02  0.11574074074074D-02
            0.11574074074074D-02  0.11574074074074D-02  0.11574074074074D-02
            0.11574074074074D-02  0.11574074074074D-02  0.11574074074074D-02
            0.11574074074074D-02  0.11574074074074D-02  0.11574074074074D-02
            0.11574074074074D-02  0.11574074074074D-02  0.11574074074074D-02
            0.11574074074074D-02  0.11574074074074D-02  0.11574074074074D-02
            0.11574074074074D-02  0.11574074074074D-02  0.11574074074074D-02
            0.11574074074074D-02  0.11574074074074D-02  0.11574074074074D-02
            0.11574074074074D-02  0.11574074074074D-02  0.11574074074074D-02
            0.11574074074074D-02  0.11574074074074D-02  0.11574074074074D-02
            0.11574074074074D-02  0.11574074074074D-02  0.11574074074074D-02
            0.11574074074074D-02  0.11574074074074D-02  0.11574074074074D-02
            0.11574074074074D-02  0.11574074074074D-02  0.11574074074074D-02
            0.11574074074074D-02  0.11574074074074D-02  0.11574074074074D-02
            0.11574074074074D-02  0.11574074074074D-02  0.11574074074074D-02
            0.11574074074074D-02  0.11574074074074D-02  0.11574074074074D-02
            0.11574074074074D-02  0.11574074074074D-02  0.11574074074074D-02
            0.11574074074074D-02  0.11574074074074D-02  0.11574074074074D-02
            0.11574074074074D-02  0.11574074074074D-02  0.11574074074074D-02
            0.11574074074074D-02  0.11574074074074D-02  0.11574074074074D-02
            0.11574074074074D-02  0.11574074074074D-02  0.11574074074074D-02
            0.11574074074074D-02  0.11574074074074D-02  0.11574074074074D-02
            0.11574074074074D-02  0.11574074074074D-02  0.11574074074074D-02
            0.11574074074074D-02  0.11574074074074D-02  0.11574074074074D-02
            0.11574074074074D-02  0.11574074074074D-02  0.11574074074074D-02
            0.11574074074074D-02  0.11574074074074D-02  0.11574074074074D-02
            0.11574074074074D-02  0.11574074074074D-02  0.11574074074074D-02
            0.11574074074074D-02  0.11574074074074D-02  0.11574074074074D-02
            0.11574074074074D-02  0.11574074074074D-02  0.11574074074074D-02
            0.11574074074074D-02  0.11574074074074D-02  0.11574074074074D-02
            0.11574074074074D-02  0.11574074074074D-02  0.11574074074074D-02
            0.11574074074074D-02  0.11574074074074D-02  0.11574074074074D-02
            0.11574074074074D-02  0.11574074074074D-02  0.11574074074074D-02
            0.11574074074074D-02  0.11574074074074D-02  0.11574074074074D-02
            0.11574074074074D-02  0.11574074074074D-02  0.11574074074074D-02
            0.11574074074074D-02  0.11574074074074D-02  0.11574074074074D-02
            0.11574074074074D-02  0.11574074074074D-02  0.11574074074074D-02
            0.11574074074074D-02  0.11574074074074D-02  0.11574074074074D-02
            0.11574074074074D-02  0.11574074074074D-02  0.11574074074074D-02
            0.11574074074074D-02  0.11574074074074D-02  0.11574074074074D-02
            0.11574074074074D-02  0.11574074074074D-02  0.11574074074074D-02
            0.11574074074074D-02  0.11574074074074D-02  0.11574074074074D-02
            0.11574074074074D-02  0.11574074074074D-02  0.11574074074074D-02
            0.11574074074074D-02  0.11574074074074D-02  0.11574074074074D-02
            0.11574074074074D-02  0.11574074074074D-02  0.11574074074074D-02
            0.11574074074074D-02  0.11574074074074D-02  0.11574074074074D-02
            0.11574074074074D-02  0.11574074074074D-02  0.11574074074074D-02
            0.11574074074074D-02  0.11574074074074D-02  0.11574074074074D-02
            0.11574074074074D-02  0.11574074074074D-02  0.11574074074074D-02
            0.11574074074074D-02  0.11574074074074D-02  0.11574074074074D-02
            0.11574074074074D-02  0.11574074074074D-02  0.11574074074074D-02
            0.11574074074074D-02  0.11574074074074D-02  0.11574074074074D-02
            0.11574074074074D-02  0.11574074074074D-02  0.11574074074074D-02
            0.11574074074074D-02  0.11574074074074D-02  0.11574074074074D-02
            0.11574074074074D-02  0.11574074074074D-02  0.11574074074074D-02
            0.11574074074074D-02  0.11574074074074D-02  0.11574074074074D-02
            0.11574074074074D-02  0.11574074074074D-02  0.11574074074074D-02
            0.11574074074074D-02  0.11574074074074D-02  0.11574074074074D-02
            0.11574074074074D-02  0.11574074074074D-02  0.11574074074074D-02
            0.11574074074074D-02  0.11574074074074D-02  0.11574074074074D-02
            0.11574074074074D-02  0.11574074074074D-02  0.11574074074074D-02
            0.11574074074074D-02  0.11574074074074D-02  0.11574074074074D-02
            0.11574074074074D-02  0.11574074074074D-02  0.11574074074074D-02
            0.11574074074074D-02  0.11574074074074D-02  0.11574074074074D-02
            0.11574074074074D-02  0.11574074074074D-02  0.11574074074074D-02
            0.11574074074074D-02  0.11574074074074D-02  0.11574074074074D-02
            0.11574074074074D-02  0.11574074074074D-02  0.11574074074074D-02
            0.11574074074074D-02  0.11574074074074D-02  0.11574074074074D-02
            0.11574074074074D-02  0.11574074074074D-02  0.11574074074074D-02
            0.11574074074074D-02  0.11574074074074D-02  0.11574074074074D-02
            0.11574074074074D-02  0.11574074074074D-02  0.11574074074074D-02
            0.11574074074074D-02  0.11574074074074D-02  0.11574074074074D-02
            0.11574074074074D-02  0.11574074074074D-02  0.11574074074074D-02
            0.11574074074074D-02  0.11574074074074D-02  0.11574074074074D-02
            0.11574074074074D-02  0.11574074074074D-02  0.11574074074074D-02
            0.11574074074074D-02  0.11574074074074D-02  0.11574074074074D-02
            0.11574074074074D-02  0.11574074074074D-02  0.11574074074074D-02
            0.11574074074074D-02  0.11574074074074D-02  0.11574074074074D-02
            0.11574074074074D-02  0.11574074074074D-02  0.11574074074074D-02
            0.11574074074074D-02  0.11574074074074D-02  0.11574074074074D-02
            0.11574074074074D-02  0.11574074074074D-02  0.11574074074074D-02
            0.11574074074074D-02  0.11574074074074D-02  0.11574074074074D-02
            0.11574074074074D-02  0.11574074074074D-02  0.11574074074074D-02
            0.11574074074074D-02  0.11574074074074D-02  0.11574074074074D-02
            0.11574074074074D-02  0.11574074074074D-02  0.11574074074074D-02
            0.11574074074074D-02  0.11574074074074D-02  0.11574074074074D-02
            0.11574074074074D-02  0.11574074074074D-02  0.11574074074074D-02
            0.11574074074074D-02  0.11574074074074D-02  0.11574074074074D-02
            0.11574074074074D-02  0.11574074074074D-02  0.11574074074074D-02
            0.11574074074074D-02  0.11574074074074D-02  0.11574074074074D-02
            0.11574074074074D-02  0.11574074074074D-02  0.11574074074074D-02
            0.11574074074074D-02  0.11574074074074D-02  0.11574074074074D-02
            0.11574074074074D-02  0.11574074074074D-02  0.11574074074074D-02
            0.11574074074074D-02  0.11574074074074D-02  0.11574074074074D-02
            0.11574074074074D-02  0.11574074074074D-02  0.11574074074074D-02
            0.11574074074074D-02  0.11574074074074D-02  0.11574074074074D-02
            0.11574074074074D-02  0.11574074074074D-02  0.11574074074074D-02
            0.11574074074074D-02  0.11574074074074D-02  0.11574074074074D-02
            0.11574074074074D-02  0.11574074074074D-02  0.11574074074074D-02
            0.11574074074074D-02  0.11574074074074D-02  0.11574074074074D-02
            0.11574074074074D-02  0.11574074074074D-02  0.11574074074074D-02
            0.11574074074074D-02  0.11574074074074D-02  0.11574074074074D-02
            0.11574074074074D-02  0.11574074074074D-02  0.11574074074074D-02
            0.11574074074074D-02  0.11574074074074D-02  0.11574074074074D-02
            0.11574074074074D-02  0.11574074074074D-02  0.11574074074074D-02
            0.11574074074074D-02  0.11574074074074D-02  0.11574074074074D-02
            0.11574074074074D-02  0.11574074074074D-02  0.11574074074074D-02
            0.11574074074074D-02  0.11574074074074D-02  0.11574074074074D-02
            0.11574074074074D-02  0.11574074074074D-02  0.11574074074074D-02
            0.11574074074074D-02  0.11574074074074D-02  0.11574074074074D-02
            0.11574074074074D-02  0.11574074074074D-02  0.11574074074074D-02
            0.11574074074074D-02  0.11574074074074D-02  0.11574074074074D-02
            0.11574074074074D-02  0.11574074074074D-02  0.11574074074074D-02
            0.11574074074074D-02  0.11574074074074D-02  0.11574074074074D-02
            0.11574074074074D-02  0.11574074074074D-02  0.11574074074074D-02
            0.11574074074074D-02  0.11574074074074D-02  0.11574074074074D-02
            0.11574074074074D-02  0.11574074074074D-02  0.11574074074074D-02
            0.11574074074074D-02  0.11574074074074D-02  0.11574074074074D-02
            0.11574074074074D-02  0.11574074074074D-02  0.11574074074074D-02
            0.11574074074074D-02  0.11574074074074D-02  0.11574074074074D-02
            0.11574074074074D-02  0.11574074074074D-02  0.11574074074074D-02
            0.11574074074074D-02  0.11574074074074D-02  0.11574074074074D-02
            0.11574074074074D-02  0.11574074074074D-02  0.11574074074074D-02
            0.11574074074074D-02  0.11574074074074D-02  0.11574074074074D-02
            0.11574074074074D-02  0.11574074074074D-02  0.11574074074074D-02
            0.11574074074074D-02  0.11574074074074D-02  0.11574074074074D-02
            0.11574074074074D-02  0.11574074074074D-02  0.11574074074074D-02
            0.11574074074074D-02  0.11574074074074D-02  0.11574074074074D-02
            0.11574074074074D-02  0.11574074074074D-02  0.11574074074074D-02
            0.11574074074074D-02  0.11574074074074D-02  0.11574074074074D-02
            0.11574074074074D-02  0.11574074074074D-02  0.11574074074074D-02
            0.11574074074074D-02  0.11574074074074D-02  0.11574074074074D-02
            0.11574074074074D-02  0.11574074074074D-02  0.11574074074074D-02
            0.11574074074074D-02  0.11574074074074D-02  0.11574074074074D-02
            0.11574074074074D-02  0.11574074074074D-02  0.11574074074074D-02
            0.11574074074074D-02  0.11574074074074D-02  0.11574074074074D-02
            0.11574074074074D-02  0.11574074074074D-02  0.11574074074074D-02
            0.11574074074074D-02  0.11574074074074D-02  0.11574074074074D-02
            0.11574074074074D-02  0.11574074074074D-02  0.11574074074074D-02
            0.11574074074074D-02  0.11574074074074D-02  0.11574074074074D-02
            0.11574074074074D-02  0.11574074074074D-02  0.11574074074074D-02
            0.11574074074074D-02  0.11574074074074D-02  0.11574074074074D-02
            0.11574074074074D-02  0.11574074074074D-02  0.11574074074074D-02
            0.11574074074074D-02  0.11574074074074D-02  0.11574074074074D-02
            0.11574074074074D-02  0.11574074074074D-02  0.11574074074074D-02
            0.11574074074074D-02  0.11574074074074D-02  0.11574074074074D-02
            0.11574074074074D-02  0.11574074074074D-02  0.11574074074074D-02
            0.11574074074074D-02  0.11574074074074D-02  0.11574074074074D-02
            0.11574074074074D-02  0.11574074074074D-02  0.11574074074074D-02
            0.11574074074074D-02  0.11574074074074D-02  0.11574074074074D-02
            0.11574074074074D-02  0.11574074074074D-02  0.11574074074074D-02
            0.11574074074074D-02  0.11574074074074D-02  0.11574074074074D-02
            0.11574074074074D-02  0.11574074074074D-02  0.11574074074074D-02
            0.11574074074074D-02  0.11574074074074D-02  0.11574074074074D-02
            0.11574074074074D-02  0.11574074074074D-02  0.11574074074074D-02
            0.11574074074074D-02  0.11574074074074D-02  0.11574074074074D-02
            0.11574074074074D-02  0.11574074074074D-02  0.11574074074074D-02
            0.11574074074074D-02  0.11574074074074D-02  0.11574074074074D-02
            0.11574074074074D-02  0.11574074074074D-02  0.11574074074074D-02
            0.11574074074074D-02  0.11574074074074D-02  0.11574074074074D-02
            0.11574074074074D-02  0.11574074074074D-02  0.57870370370370D-03
            0.11574074074074D-02  0.11574074074074D-02  0.11574074074074D-02
            0.11574074074074D-02  0.11574074074074D-02  0.57870370370370D-03
            0.11574074074074D-02  0.11574074074074D-02  0.11574074074074D-02
            0.11574074074074D-02  0.11574074074074D-02  0.11574074074074D-02
            0.11574074074074D-02  0.11574074074074D-02  0.11574074074074D-02
            0.11574074074074D-02  0.11574074074074D-02  0.11574074074074D-02
            0.11574074074074D-02  0.11574074074074D-02  0.11574074074074D-02
            0.11574074074074D-02  0.11574074074074D-02  0.11574074074074D-02
            0.11574074074074D-02  0.11574074074074D-02  0.11574074074074D-02
            0.11574074074074D-02  0.11574074074074D-02  0.11574074074074D-02
            0.11574074074074D-02  0.11574074074074D-02  0.11574074074074D-02
            0.11574074074074D-02  0.11574074074074D-02  0.11574074074074D-02
            0.11574074074074D-02  0.11574074074074D-02  0.11574074074074D-02
            0.11574074074074D-02  0.11574074074074D-02  0.11574074074074D-02
            0.11574074074074D-02  0.11574074074074D-02  0.11574074074074D-02
            0.11574074074074D-02  0.11574074074074D-02  0.11574074074074D-02
            0.11574074074074D-02  0.11574074074074D-02  0.11574074074074D-02
            0.11574074074074D-02  0.11574074074074D-02  0.11574074074074D-02
            0.11574074074074D-02  0.11574074074074D-02  0.11574074074074D-02
            0.11574074074074D-02  0.11574074074074D-02  0.11574074074074D-02
            0.11574074074074D-02  0.11574074074074D-02  0.11574074074074D-02
            0.11574074074074D-02  0.11574074074074D-02  0.11574074074074D-02
            0.57870370370370D-03  0.11574074074074D-02  0.11574074074074D-02
            0.11574074074074D-02  0.11574074074074D-02  0.11574074074074D-02
            0.57870370370370D-03
      xred -0.14667396850000D-02  0.33485951920000D-02 -0.18818555070000D-02
            0.26255179660400D+00  0.26079208499100D+00  0.26270349615400D+00
            0.73852021143800D+00  0.73676049982500D+00  0.73867191098800D+00
     znucl  0.28000000000000D+02  0.35000000000000D+02
      zion  0.18000000000000D+02  0.70000000000000D+01
 
 No information on the potentials yet 
 
 **** Database of total energy derivatives ****
 Number of data blocks=    2
  
 1st derivatives              - # elements :          15
     1     1 -0.22832892160079D-02  0.00000000000000D+00
     2     1  0.54707185784886D-02  0.00000000000000D+00
     3     1 -0.29575321982799D-02  0.00000000000000D+00
     1     2  0.38789363312350D-02  0.00000000000000D+00
     2     2 -0.23529364398106D-03  0.00000000000000D+00
     3     2  0.42533170749331D-02  0.00000000000000D+00
     1     3 -0.13303813834350D-02  0.00000000000000D+00
     2     3 -0.56091728179742D-02  0.00000000000000D+00
     3     3 -0.98124706055715D-03  0.00000000000000D+00
     1     6  0.15698232594182D-04  0.00000000000000D+00
     2     6  0.15450884359515D-04  0.00000000000000D+00
     3     6  0.13540685166832D-04  0.00000000000000D+00
     1     7 -0.51876815461947D-06  0.00000000000000D+00
     2     7 -0.67818619447352D-06  0.00000000000000D+00
     3     7 -0.17649802865066D-06  0.00000000000000D+00
  
 Total energy                 - # elements :           1
 -0.19807556737941D+03  0.00000000000000D+00
