
 **** DERIVATIVE DATABASE ****    
+DDB, Version number  20230401

  Note : temporary (transfer) database

    usepaw         1
     natom         3
      nkpt       189
    nsppol         1
      nsym        12
    ntypat         2
    occopt         7
     nband        18
     acell  0.12906959044729D+02  0.12906959044729D+02  0.12906959044729D+02
       amu  0.58690000000000D+02  0.79904000000000D+02
   dilatmx  0.10000000000000D+01
      ecut  0.22049595238777D+02
 pawecutdg  0.44099190477555D+02
    ecutsm  0.00000000000000D+00
     intxc         0
      iscf        17
       ixc   -101130
       kpt  0.00000000000000D+00  0.00000000000000D+00  0.00000000000000D+00
            0.83333333333333D-01  0.00000000000000D+00  0.00000000000000D+00
            0.16666666666667D+00  0.00000000000000D+00  0.00000000000000D+00
            0.25000000000000D+00  0.00000000000000D+00  0.00000000000000D+00
            0.33333333333333D+00  0.00000000000000D+00  0.00000000000000D+00
            0.41666666666667D+00  0.00000000000000D+00  0.00000000000000D+00
            0.50000000000000D+00  0.00000000000000D+00  0.00000000000000D+00
            0.83333333333333D-01  0.83333333333333D-01  0.00000000000000D+00
            0.16666666666667D+00  0.83333333333333D-01  0.00000000000000D+00
            0.25000000000000D+00  0.83333333333333D-01  0.00000000000000D+00
            0.33333333333333D+00  0.83333333333333D-01  0.00000000000000D+00
            0.41666666666667D+00  0.83333333333333D-01  0.00000000000000D+00
            0.50000000000000D+00  0.83333333333333D-01  0.00000000000000D+00
           -0.41666666666667D+00  0.83333333333333D-01  0.00000000000000D+00
           -0.33333333333333D+00  0.83333333333333D-01  0.00000000000000D+00
           -0.25000000000000D+00  0.83333333333333D-01  0.00000000000000D+00
           -0.16666666666667D+00  0.83333333333333D-01  0.00000000000000D+00
           -0.83333333333333D-01  0.83333333333333D-01  0.00000000000000D+00
            0.16666666666667D+00  0.16666666666667D+00  0.00000000000000D+00
            0.25000000000000D+00  0.16666666666667D+00  0.00000000000000D+00
            0.33333333333333D+00  0.16666666666667D+00  0.00000000000000D+00
            0.41666666666667D+00  0.16666666666667D+00  0.00000000000000D+00
            0.50000000000000D+00  0.16666666666667D+00  0.00000000000000D+00
           -0.41666666666667D+00  0.16666666666667D+00  0.00000000000000D+00
           -0.33333333333333D+00  0.16666666666667D+00  0.00000000000000D+00
           -0.25000000000000D+00  0.16666666666667D+00  0.00000000000000D+00
           -0.16666666666667D+00  0.16666666666667D+00  0.00000000000000D+00
            0.25000000000000D+00  0.25000000000000D+00  0.00000000000000D+00
            0.33333333333333D+00  0.25000000000000D+00  0.00000000000000D+00
            0.41666666666667D+00  0.25000000000000D+00  0.00000000000000D+00
            0.50000000000000D+00  0.25000000000000D+00  0.00000000000000D+00
           -0.41666666666667D+00  0.25000000000000D+00  0.00000000000000D+00
           -0.33333333333333D+00  0.25000000000000D+00  0.00000000000000D+00
           -0.25000000000000D+00  0.25000000000000D+00  0.00000000000000D+00
            0.33333333333333D+00  0.33333333333333D+00  0.00000000000000D+00
            0.41666666666667D+00  0.33333333333333D+00  0.00000000000000D+00
            0.50000000000000D+00  0.33333333333333D+00  0.00000000000000D+00
           -0.41666666666667D+00  0.33333333333333D+00  0.00000000000000D+00
           -0.33333333333333D+00  0.33333333333333D+00  0.00000000000000D+00
            0.41666666666667D+00  0.41666666666667D+00  0.00000000000000D+00
            0.50000000000000D+00  0.41666666666667D+00  0.00000000000000D+00
           -0.41666666666667D+00  0.41666666666667D+00  0.00000000000000D+00
            0.50000000000000D+00  0.50000000000000D+00  0.00000000000000D+00
            0.83333333333333D-01  0.83333333333333D-01  0.83333333333333D-01
            0.16666666666667D+00  0.83333333333333D-01  0.83333333333333D-01
            0.25000000000000D+00  0.83333333333333D-01  0.83333333333333D-01
            0.33333333333333D+00  0.83333333333333D-01  0.83333333333333D-01
            0.41666666666667D+00  0.83333333333333D-01  0.83333333333333D-01
            0.50000000000000D+00  0.83333333333333D-01  0.83333333333333D-01
           -0.41666666666667D+00  0.83333333333333D-01  0.83333333333333D-01
           -0.33333333333333D+00  0.83333333333333D-01  0.83333333333333D-01
           -0.25000000000000D+00  0.83333333333333D-01  0.83333333333333D-01
           -0.16666666666667D+00  0.83333333333333D-01  0.83333333333333D-01
           -0.83333333333333D-01  0.83333333333333D-01  0.83333333333333D-01
            0.16666666666667D+00  0.16666666666667D+00  0.83333333333333D-01
            0.25000000000000D+00  0.16666666666667D+00  0.83333333333333D-01
            0.33333333333333D+00  0.16666666666667D+00  0.83333333333333D-01
            0.41666666666667D+00  0.16666666666667D+00  0.83333333333333D-01
            0.50000000000000D+00  0.16666666666667D+00  0.83333333333333D-01
           -0.41666666666667D+00  0.16666666666667D+00  0.83333333333333D-01
           -0.33333333333333D+00  0.16666666666667D+00  0.83333333333333D-01
           -0.25000000000000D+00  0.16666666666667D+00  0.83333333333333D-01
           -0.16666666666667D+00  0.16666666666667D+00  0.83333333333333D-01
           -0.83333333333333D-01  0.16666666666667D+00  0.83333333333333D-01
            0.25000000000000D+00  0.25000000000000D+00  0.83333333333333D-01
            0.33333333333333D+00  0.25000000000000D+00  0.83333333333333D-01
            0.41666666666667D+00  0.25000000000000D+00  0.83333333333333D-01
            0.50000000000000D+00  0.25000000000000D+00  0.83333333333333D-01
           -0.41666666666667D+00  0.25000000000000D+00  0.83333333333333D-01
           -0.33333333333333D+00  0.25000000000000D+00  0.83333333333333D-01
           -0.25000000000000D+00  0.25000000000000D+00  0.83333333333333D-01
           -0.16666666666667D+00  0.25000000000000D+00  0.83333333333333D-01
           -0.83333333333333D-01  0.25000000000000D+00  0.83333333333333D-01
            0.33333333333333D+00  0.33333333333333D+00  0.83333333333333D-01
            0.41666666666667D+00  0.33333333333333D+00  0.83333333333333D-01
            0.50000000000000D+00  0.33333333333333D+00  0.83333333333333D-01
           -0.41666666666667D+00  0.33333333333333D+00  0.83333333333333D-01
           -0.33333333333333D+00  0.33333333333333D+00  0.83333333333333D-01
           -0.25000000000000D+00  0.33333333333333D+00  0.83333333333333D-01
           -0.16666666666667D+00  0.33333333333333D+00  0.83333333333333D-01
           -0.83333333333333D-01  0.33333333333333D+00  0.83333333333333D-01
            0.41666666666667D+00  0.41666666666667D+00  0.83333333333333D-01
            0.50000000000000D+00  0.41666666666667D+00  0.83333333333333D-01
           -0.41666666666667D+00  0.41666666666667D+00  0.83333333333333D-01
           -0.33333333333333D+00  0.41666666666667D+00  0.83333333333333D-01
           -0.25000000000000D+00  0.41666666666667D+00  0.83333333333333D-01
           -0.16666666666667D+00  0.41666666666667D+00  0.83333333333333D-01
           -0.83333333333333D-01  0.41666666666667D+00  0.83333333333333D-01
            0.50000000000000D+00  0.50000000000000D+00  0.83333333333333D-01
           -0.41666666666667D+00  0.50000000000000D+00  0.83333333333333D-01
           -0.33333333333333D+00  0.50000000000000D+00  0.83333333333333D-01
           -0.25000000000000D+00  0.50000000000000D+00  0.83333333333333D-01
           -0.16666666666667D+00  0.50000000000000D+00  0.83333333333333D-01
           -0.83333333333333D-01  0.50000000000000D+00  0.83333333333333D-01
           -0.41666666666667D+00 -0.41666666666667D+00  0.83333333333333D-01
           -0.33333333333333D+00 -0.41666666666667D+00  0.83333333333333D-01
           -0.25000000000000D+00 -0.41666666666667D+00  0.83333333333333D-01
           -0.16666666666667D+00 -0.41666666666667D+00  0.83333333333333D-01
           -0.33333333333333D+00 -0.33333333333333D+00  0.83333333333333D-01
           -0.25000000000000D+00 -0.33333333333333D+00  0.83333333333333D-01
           -0.16666666666667D+00 -0.33333333333333D+00  0.83333333333333D-01
           -0.25000000000000D+00 -0.25000000000000D+00  0.83333333333333D-01
           -0.16666666666667D+00 -0.25000000000000D+00  0.83333333333333D-01
           -0.16666666666667D+00 -0.16666666666667D+00  0.83333333333333D-01
            0.16666666666667D+00  0.16666666666667D+00  0.16666666666667D+00
            0.25000000000000D+00  0.16666666666667D+00  0.16666666666667D+00
            0.33333333333333D+00  0.16666666666667D+00  0.16666666666667D+00
            0.41666666666667D+00  0.16666666666667D+00  0.16666666666667D+00
            0.50000000000000D+00  0.16666666666667D+00  0.16666666666667D+00
           -0.41666666666667D+00  0.16666666666667D+00  0.16666666666667D+00
           -0.33333333333333D+00  0.16666666666667D+00  0.16666666666667D+00
           -0.25000000000000D+00  0.16666666666667D+00  0.16666666666667D+00
           -0.16666666666667D+00  0.16666666666667D+00  0.16666666666667D+00
            0.25000000000000D+00  0.25000000000000D+00  0.16666666666667D+00
            0.33333333333333D+00  0.25000000000000D+00  0.16666666666667D+00
            0.41666666666667D+00  0.25000000000000D+00  0.16666666666667D+00
            0.50000000000000D+00  0.25000000000000D+00  0.16666666666667D+00
           -0.41666666666667D+00  0.25000000000000D+00  0.16666666666667D+00
           -0.33333333333333D+00  0.25000000000000D+00  0.16666666666667D+00
           -0.25000000000000D+00  0.25000000000000D+00  0.16666666666667D+00
           -0.16666666666667D+00  0.25000000000000D+00  0.16666666666667D+00
            0.33333333333333D+00  0.33333333333333D+00  0.16666666666667D+00
            0.41666666666667D+00  0.33333333333333D+00  0.16666666666667D+00
            0.50000000000000D+00  0.33333333333333D+00  0.16666666666667D+00
           -0.41666666666667D+00  0.33333333333333D+00  0.16666666666667D+00
           -0.33333333333333D+00  0.33333333333333D+00  0.16666666666667D+00
           -0.25000000000000D+00  0.33333333333333D+00  0.16666666666667D+00
           -0.16666666666667D+00  0.33333333333333D+00  0.16666666666667D+00
            0.41666666666667D+00  0.41666666666667D+00  0.16666666666667D+00
            0.50000000000000D+00  0.41666666666667D+00  0.16666666666667D+00
           -0.41666666666667D+00  0.41666666666667D+00  0.16666666666667D+00
           -0.33333333333333D+00  0.41666666666667D+00  0.16666666666667D+00
           -0.25000000000000D+00  0.41666666666667D+00  0.16666666666667D+00
           -0.16666666666667D+00  0.41666666666667D+00  0.16666666666667D+00
            0.50000000000000D+00  0.50000000000000D+00  0.16666666666667D+00
           -0.41666666666667D+00  0.50000000000000D+00  0.16666666666667D+00
           -0.33333333333333D+00  0.50000000000000D+00  0.16666666666667D+00
           -0.25000000000000D+00  0.50000000000000D+00  0.16666666666667D+00
           -0.16666666666667D+00  0.50000000000000D+00  0.16666666666667D+00
           -0.41666666666667D+00 -0.41666666666667D+00  0.16666666666667D+00
           -0.33333333333333D+00 -0.41666666666667D+00  0.16666666666667D+00
           -0.25000000000000D+00 -0.41666666666667D+00  0.16666666666667D+00
           -0.33333333333333D+00 -0.33333333333333D+00  0.16666666666667D+00
           -0.25000000000000D+00 -0.33333333333333D+00  0.16666666666667D+00
           -0.25000000000000D+00 -0.25000000000000D+00  0.16666666666667D+00
            0.25000000000000D+00  0.25000000000000D+00  0.25000000000000D+00
            0.33333333333333D+00  0.25000000000000D+00  0.25000000000000D+00
            0.41666666666667D+00  0.25000000000000D+00  0.25000000000000D+00
            0.50000000000000D+00  0.25000000000000D+00  0.25000000000000D+00
           -0.41666666666667D+00  0.25000000000000D+00  0.25000000000000D+00
           -0.33333333333333D+00  0.25000000000000D+00  0.25000000000000D+00
           -0.25000000000000D+00  0.25000000000000D+00  0.25000000000000D+00
            0.33333333333333D+00  0.33333333333333D+00  0.25000000000000D+00
            0.41666666666667D+00  0.33333333333333D+00  0.25000000000000D+00
            0.50000000000000D+00  0.33333333333333D+00  0.25000000000000D+00
           -0.41666666666667D+00  0.33333333333333D+00  0.25000000000000D+00
           -0.33333333333333D+00  0.33333333333333D+00  0.25000000000000D+00
           -0.25000000000000D+00  0.33333333333333D+00  0.25000000000000D+00
            0.41666666666667D+00  0.41666666666667D+00  0.25000000000000D+00
            0.50000000000000D+00  0.41666666666667D+00  0.25000000000000D+00
           -0.41666666666667D+00  0.41666666666667D+00  0.25000000000000D+00
           -0.33333333333333D+00  0.41666666666667D+00  0.25000000000000D+00
           -0.25000000000000D+00  0.41666666666667D+00  0.25000000000000D+00
            0.50000000000000D+00  0.50000000000000D+00  0.25000000000000D+00
           -0.41666666666667D+00  0.50000000000000D+00  0.25000000000000D+00
           -0.33333333333333D+00  0.50000000000000D+00  0.25000000000000D+00
           -0.25000000000000D+00  0.50000000000000D+00  0.25000000000000D+00
           -0.41666666666667D+00 -0.41666666666667D+00  0.25000000000000D+00
           -0.33333333333333D+00 -0.41666666666667D+00  0.25000000000000D+00
           -0.33333333333333D+00 -0.33333333333333D+00  0.25000000000000D+00
            0.33333333333333D+00  0.33333333333333D+00  0.33333333333333D+00
            0.41666666666667D+00  0.33333333333333D+00  0.33333333333333D+00
            0.50000000000000D+00  0.33333333333333D+00  0.33333333333333D+00
           -0.41666666666667D+00  0.33333333333333D+00  0.33333333333333D+00
           -0.33333333333333D+00  0.33333333333333D+00  0.33333333333333D+00
            0.41666666666667D+00  0.41666666666667D+00  0.33333333333333D+00
            0.50000000000000D+00  0.41666666666667D+00  0.33333333333333D+00
           -0.41666666666667D+00  0.41666666666667D+00  0.33333333333333D+00
           -0.33333333333333D+00  0.41666666666667D+00  0.33333333333333D+00
            0.50000000000000D+00  0.50000000000000D+00  0.33333333333333D+00
           -0.41666666666667D+00  0.50000000000000D+00  0.33333333333333D+00
           -0.33333333333333D+00  0.50000000000000D+00  0.33333333333333D+00
           -0.41666666666667D+00 -0.41666666666667D+00  0.33333333333333D+00
            0.41666666666667D+00  0.41666666666667D+00  0.41666666666667D+00
            0.50000000000000D+00  0.41666666666667D+00  0.41666666666667D+00
           -0.41666666666667D+00  0.41666666666667D+00  0.41666666666667D+00
            0.50000000000000D+00  0.50000000000000D+00  0.41666666666667D+00
           -0.41666666666667D+00  0.50000000000000D+00  0.41666666666667D+00
            0.50000000000000D+00  0.50000000000000D+00  0.50000000000000D+00
    kptnrm  0.10000000000000D+01
     ngfft        60   60   60
    nspden         1
   nspinor         1
       occ  0.20000000000000D+01  0.20000000000000D+01  0.20000000000000D+01
            0.20000000000000D+01  0.20000000000000D+01  0.20000000000000D+01
            0.20000000000000D+01  0.20000000000000D+01  0.20000000000000D+01
            0.20000000000000D+01  0.20000000000000D+01  0.20000000000000D+01
            0.20000000000000D+01  0.20000000000000D+01  0.20000000000000D+01
            0.88568174792711D-07  0.88568101697128D-07  0.00000000000000D+00
     rprim  0.53209946181030D+00  0.13214233390334D-01  0.84657873040674D+00
            0.25388837720992D+00  0.46780884578648D+00  0.84657874750175D+00
            0.21592053646835D-01  0.13214260377260D-01  0.99967953192110D+00
  dfpt_sciss  0.00000000000000D+00
    spinat  0.00000000000000D+00  0.00000000000000D+00  0.00000000000000D+00
            0.00000000000000D+00  0.00000000000000D+00  0.00000000000000D+00
            0.00000000000000D+00  0.00000000000000D+00  0.00000000000000D+00
    symafm         1    1    1    1    1    1    1    1    1    1    1    1
    symrel         1    0    0    0    1    0    0    0    1
                  -1    0    0    0   -1    0    0    0   -1
                   0    1    0    1    0    0    0    0    1
                   0   -1    0   -1    0    0    0    0   -1
                   0    0    1    1    0    0    0    1    0
                   0    0   -1   -1    0    0    0   -1    0
                   1    0    0    0    0    1    0    1    0
                  -1    0    0    0    0   -1    0   -1    0
                   0    1    0    0    0    1    1    0    0
                   0   -1    0    0    0   -1   -1    0    0
                   0    0    1    0    1    0    1    0    0
                   0    0   -1    0   -1    0   -1    0    0
     tnons  0.00000000000000D+00  0.00000000000000D+00  0.00000000000000D+00
            0.00000000000000D+00  0.00000000000000D+00  0.00000000000000D+00
            0.00000000000000D+00  0.00000000000000D+00  0.00000000000000D+00
            0.00000000000000D+00  0.00000000000000D+00  0.00000000000000D+00
            0.00000000000000D+00  0.00000000000000D+00  0.00000000000000D+00
            0.00000000000000D+00  0.00000000000000D+00  0.00000000000000D+00
            0.00000000000000D+00  0.00000000000000D+00  0.00000000000000D+00
            0.00000000000000D+00  0.00000000000000D+00  0.00000000000000D+00
            0.00000000000000D+00  0.00000000000000D+00  0.00000000000000D+00
            0.00000000000000D+00  0.00000000000000D+00  0.00000000000000D+00
            0.00000000000000D+00  0.00000000000000D+00  0.00000000000000D+00
            0.00000000000000D+00  0.00000000000000D+00  0.00000000000000D+00
    tolwfr  0.10000000000000D+01
   tphysel  0.00000000000000D+00
    tsmear  0.31668154197285D-02
     typat         1    2    2
       wtk  0.57870370370370D-03  0.34722222222222D-02  0.34722222222222D-02
            0.34722222222222D-02  0.34722222222222D-02  0.34722222222222D-02
            0.17361111111111D-02  0.34722222222222D-02  0.69444444444444D-02
            0.69444444444444D-02  0.69444444444444D-02  0.69444444444444D-02
            0.69444444444444D-02  0.69444444444444D-02  0.69444444444444D-02
            0.69444444444444D-02  0.69444444444444D-02  0.34722222222222D-02
            0.34722222222222D-02  0.69444444444444D-02  0.69444444444444D-02
            0.69444444444444D-02  0.69444444444444D-02  0.69444444444444D-02
            0.69444444444444D-02  0.69444444444444D-02  0.34722222222222D-02
            0.34722222222222D-02  0.69444444444444D-02  0.69444444444444D-02
            0.69444444444444D-02  0.69444444444444D-02  0.69444444444444D-02
            0.34722222222222D-02  0.34722222222222D-02  0.69444444444444D-02
            0.69444444444444D-02  0.69444444444444D-02  0.34722222222222D-02
            0.34722222222222D-02  0.69444444444444D-02  0.34722222222222D-02
            0.17361111111111D-02  0.11574074074074D-02  0.34722222222222D-02
            0.34722222222222D-02  0.34722222222222D-02  0.34722222222222D-02
            0.34722222222222D-02  0.34722222222222D-02  0.34722222222222D-02
            0.34722222222222D-02  0.34722222222222D-02  0.34722222222222D-02
            0.34722222222222D-02  0.69444444444444D-02  0.69444444444444D-02
            0.69444444444444D-02  0.69444444444444D-02  0.69444444444444D-02
            0.69444444444444D-02  0.69444444444444D-02  0.69444444444444D-02
            0.69444444444444D-02  0.34722222222222D-02  0.69444444444444D-02
            0.69444444444444D-02  0.69444444444444D-02  0.69444444444444D-02
            0.69444444444444D-02  0.69444444444444D-02  0.69444444444444D-02
            0.69444444444444D-02  0.34722222222222D-02  0.69444444444444D-02
            0.69444444444444D-02  0.69444444444444D-02  0.69444444444444D-02
            0.69444444444444D-02  0.69444444444444D-02  0.69444444444444D-02
            0.34722222222222D-02  0.69444444444444D-02  0.69444444444444D-02
            0.69444444444444D-02  0.69444444444444D-02  0.69444444444444D-02
            0.69444444444444D-02  0.34722222222222D-02  0.69444444444444D-02
            0.69444444444444D-02  0.69444444444444D-02  0.69444444444444D-02
            0.34722222222222D-02  0.34722222222222D-02  0.69444444444444D-02
            0.69444444444444D-02  0.69444444444444D-02  0.34722222222222D-02
            0.69444444444444D-02  0.69444444444444D-02  0.34722222222222D-02
            0.69444444444444D-02  0.34722222222222D-02  0.11574074074074D-02
            0.34722222222222D-02  0.34722222222222D-02  0.34722222222222D-02
            0.34722222222222D-02  0.34722222222222D-02  0.34722222222222D-02
            0.34722222222222D-02  0.34722222222222D-02  0.34722222222222D-02
            0.69444444444444D-02  0.69444444444444D-02  0.69444444444444D-02
            0.69444444444444D-02  0.69444444444444D-02  0.69444444444444D-02
            0.69444444444444D-02  0.34722222222222D-02  0.69444444444444D-02
            0.69444444444444D-02  0.69444444444444D-02  0.69444444444444D-02
            0.69444444444444D-02  0.69444444444444D-02  0.34722222222222D-02
            0.69444444444444D-02  0.69444444444444D-02  0.69444444444444D-02
            0.69444444444444D-02  0.69444444444444D-02  0.34722222222222D-02
            0.69444444444444D-02  0.69444444444444D-02  0.69444444444444D-02
            0.34722222222222D-02  0.34722222222222D-02  0.69444444444444D-02
            0.69444444444444D-02  0.34722222222222D-02  0.69444444444444D-02
            0.34722222222222D-02  0.11574074074074D-02  0.34722222222222D-02
            0.34722222222222D-02  0.34722222222222D-02  0.34722222222222D-02
            0.34722222222222D-02  0.34722222222222D-02  0.34722222222222D-02
            0.69444444444444D-02  0.69444444444444D-02  0.69444444444444D-02
            0.69444444444444D-02  0.69444444444444D-02  0.34722222222222D-02
            0.69444444444444D-02  0.69444444444444D-02  0.69444444444444D-02
            0.69444444444444D-02  0.34722222222222D-02  0.69444444444444D-02
            0.69444444444444D-02  0.34722222222222D-02  0.34722222222222D-02
            0.69444444444444D-02  0.34722222222222D-02  0.11574074074074D-02
            0.34722222222222D-02  0.34722222222222D-02  0.34722222222222D-02
            0.34722222222222D-02  0.34722222222222D-02  0.69444444444444D-02
            0.69444444444444D-02  0.69444444444444D-02  0.34722222222222D-02
            0.69444444444444D-02  0.34722222222222D-02  0.34722222222222D-02
            0.11574074074074D-02  0.34722222222222D-02  0.34722222222222D-02
            0.34722222222222D-02  0.34722222222222D-02  0.57870370370370D-03
      xred  0.00000000000000D+00  0.00000000000000D+00  0.00000000000000D+00
            0.26255864923500D+00  0.26255864923500D+00  0.26255864923500D+00
            0.73744135076500D+00  0.73744135076500D+00  0.73744135076500D+00
     znucl  0.28000000000000D+02  0.35000000000000D+02
      zion  0.18000000000000D+02  0.70000000000000D+01
 
 No information on the potentials yet 
 
 **** Database of total energy derivatives ****
 Number of data blocks=    2
  
 1st derivatives              - # elements :          15
     1     1  0.00000000000000D+00  0.00000000000000D+00
     2     1  0.00000000000000D+00  0.00000000000000D+00
     3     1  0.00000000000000D+00  0.00000000000000D+00
     1     2  0.20463519225378D-01  0.00000000000000D+00
     2     2  0.20463519225378D-01  0.00000000000000D+00
     3     2  0.20463519225378D-01  0.00000000000000D+00
     1     3 -0.20463519225378D-01  0.00000000000000D+00
     2     3 -0.20463519225378D-01  0.00000000000000D+00
     3     3 -0.20463519225378D-01  0.00000000000000D+00
     1     6  0.70183792843740D-05  0.00000000000000D+00
     2     6  0.74656124080252D-05  0.00000000000000D+00
     3     6 -0.21689382308579D-06  0.00000000000000D+00
     1     7 -0.14591844349071D-05  0.00000000000000D+00
     2     7 -0.23842957927664D-05  0.00000000000000D+00
     3     7 -0.43760836805967D-06  0.00000000000000D+00
  
 Total energy                 - # elements :           1
 -0.19807554842014D+03  0.00000000000000D+00
