3.348883952132322690e-06
3.559458383996088183e-06
3.737175605261735195e-06
3.840989262542004056e-06
4.388014052931524382e-06
4.546627213020023168e-06
4.780785388196686102e-06
5.348046891815295715e-06
5.870162914732431162e-06
6.559961273005286648e-06
7.510742493511833023e-06
8.742991519445119438e-06
1.023241342755945442e-05
1.228313845000580780e-05
1.642305571135401604e-05
2.239490381501880122e-05
4.310665629378017567e-05
1.599178996370160947e-04
9.429248225973511704e-04
5.242430887533424538e-03
8.161614299269710771e-03
3.439474591622194467e-03
3.740621348339721506e-04
3.576905084004822482e-05
1.255037153471783884e-05
7.855234106996385643e-06
5.586527848561750569e-06
4.097551194819592618e-06
3.741641729617798685e-06
3.088619517368346597e-06
2.685443514738711654e-06
2.509238120612161138e-06
2.724540141524296611e-06
2.345825499315189338e-06
2.454638339277978874e-06
2.260211583153202173e-06
2.555409955045223016e-06
2.148399011778446526e-06
2.481293662580671951e-06
2.680684528652475628e-06
2.810444288648236805e-06
