Sr DZVP-MOLOPT-SR-GTH DZVP-MOLOPT-SR-GTH-q10
 1
 2 0 2 6 3 2 1
      7.290111894735  0.069364270475 -0.016182746349 -0.139466774650  0.035659445929  0.013920724630 -0.000090724547
      2.536776771327 -0.571246927373  0.158928639982 -0.692403611332 -0.195822349727 -0.076802870831 -0.010109417559
      1.283099546928  0.167836311459 -0.041157757852 -0.230309165261  0.260320252229  0.101479121539  0.066689821534
      0.532449841650  0.904733330629 -0.431882417196 -0.069075854659  0.555386362294  0.267329775450  0.181824639879
      0.211628059408  0.250907816117 -0.073959284415  1.145292027845  0.267635587013  0.052802012061  0.278155352971
      0.050841303698  0.007135721199  0.825600560103 -2.640301525895  0.001214128781 -0.501686484262  0.157444712589
Mn DZVP-MOLOPT-SR-GTH DZVP-MOLOPT-SR-GTH-q15
 1
 2 0 3 6 3 2 2 1
      8.544553301652  0.073093470228  0.007737617141  0.072614715676 -0.112356559070 -0.000918247791  0.128427483264 -0.098510232939  0.011600099044
      4.848054813373  0.524172731625  0.080999035925  0.243235089119  0.147232813006 -0.022563980399  0.251552231081 -0.201137346341 -0.038269110382
      2.164526529348 -0.728865076153 -0.168390545215 -0.083273051926  0.595364746984 -0.222689774520  0.432303419394 -0.372206024320 -0.006930134936
      0.889600577579 -0.719279115513 -0.484910732725  1.528518694896  0.547990570294 -0.223281730802  0.462243734648 -0.283875478140 -0.593864975230
      0.342420014284 -0.107062868546  0.161978409160 -2.382396811600  0.112195052476  0.787892008324  0.410033587493  0.535487181225 -0.731351385550
      0.101924225526 -0.091391408123  0.922002216513  1.312464873250 -0.006599984929  0.923252070662  0.104488744702  0.884777948907 -0.410551623712
O  DZVP-MOLOPT-SR-GTH DZVP-MOLOPT-SR-GTH-q6
 1
 2 0 2 5 2 2 1
     10.389228018317  0.126240722900  0.069215797900 -0.061302037200 -0.026862701100  0.029845227500
      3.849621072005  0.139933704300  0.115634538900 -0.190087511700 -0.006283021000  0.060939733900
      1.388401188741 -0.434348231700 -0.322839719400 -0.377726982800 -0.224839187800  0.732321580100
      0.496955043655 -0.852791790900 -0.095944016600 -0.454266086000  0.380324658600  0.893564918400
      0.162491615040 -0.242351537800  1.102830348700 -0.257388983000  1.054102919900  0.152954188700
La DZVP-MOLOPT-SR-GTH DZVP-MOLOPT-SR-GTH-q11
 1
 2 0 3 7 3 2 2 1
      2.61043358  0.34555125  0.07972580 -0.06753446 -0.11931371  0.14853851  0.05894706 -0.02224678  0.56702231
      1.97548354 -0.55492585 -0.19942426  0.21734000  0.30938728 -0.45059782 -0.19414604  0.02634698 -0.68392492
      1.37683237 -0.22574477  0.13096275 -0.10385040 -0.09036564  0.20137705  0.13048510 -0.10320091  0.42455000
      0.50317401  0.45730281  0.02849428 -0.52518821 -0.19842106  0.66541064  0.32583473  0.64313338  0.08446893
      0.21379586  0.28098729 -0.22727265 -0.07955497 -0.27229521  0.30492739  0.63634259  0.35254095  0.14660319
      0.08361942  0.45714694  0.18969240  0.80314351 -0.68479828 -0.33821727  0.61836430 -0.51775967  0.03697985
      0.03181016 -0.15693279  0.92101820 -0.10112546 -0.54718691 -0.29017621  0.21984455 -0.42682521  0.02224173
Ni DZVP-MOLOPT-SR-GTH DZVP-MOLOPT-SR-GTH-q18
 1
 2 0 3 6 3 2 2 1
     10.077427756816 -0.169086929207  0.022677528942  0.008641083176 -0.126427871284 -0.005476801255  0.093966508982 -0.033098284050 -0.001956691144
      5.847735848326 -0.313749841130  0.057292097754 -0.136071800928  0.241165311699 -0.010936526817  0.269388431386 -0.127029492510  0.008799010286
      2.494032826008  0.766489587737 -0.198532965699  0.002540653375  0.543849904725 -0.096663192733  0.374569463127 -0.196169938991  0.006398276758
      0.988354848429  0.557414017577 -0.427662657827 -1.418467855641  0.407338672608 -0.097657540866  0.368089865298 -0.053996889860  0.204329631644
      0.344978242158  0.031729942841  0.260121348436  2.550221093172  0.053320914508  0.508429500180  0.281719022542  0.149590629720  0.039178572608
      0.099465768726 -0.025637387109  0.887675876654 -1.335540301345 -0.003779723220  0.911795065206  0.071642894272  1.026626831833  1.055662599287
Cu DZVP-MOLOPT-SR-GTH DZVP-MOLOPT-SR-GTH-q11
 1
 2 0 3 6 2 2 2 1
      5.804051150731  0.020918100390  0.045720931893 -0.004381592772 -0.021109803873  0.275442696345 -0.101811263028 -0.016523760157
      2.947777593081 -0.106208582202 -0.094026024883  0.017185613995  0.020960301873  0.351705110927 -0.207670618594  0.055142365254
      1.271621207972  0.307397740339 -0.110623536813 -0.089805629814  0.233442747472  0.331635969640 -0.224161904198 -0.286656089760
      0.517173767860  0.240805274553 -0.742218346329  0.054415126660  0.369266430953  0.259386540456  0.176105738988 -0.502349311598
      0.198006620331 -0.798718095004  2.208107372713  0.446326740476 -1.405067129701  0.151105835782  0.210534119173 -0.508940020577
      0.061684232135 -0.738671023869 -1.720016262377  0.468516012555  1.042169799071  0.030634833418  0.902456275117  0.682110135764

La sv-pbe sv-pbe-q11
  2
  1  0  1  4  3  2
  1.0294972600 -4.543645E+00   2.038558E+00  -1.667996E+01   2.532342E+00  -5.523888E+00
  0.9267012700  4.560500E+00  -2.109899E+00   1.891306E+01  -2.825909E+00   6.569723E+00
  0.2621795200  8.072526E-01  -5.385047E-01  -2.617504E+00  -6.631245E-01  -8.426281E-01
  0.0428432600 -4.257503E-03   1.199428E+00   6.465313E-01  -3.915769E-02  -5.489845E-01
  1  2  3  4  2  2
  3.9697767600 -8.330075E-03   1.857718E-02   -4.700456E-01   1.602549E-01
  1.3760923100 -1.821604E-02   9.781341E-03   -4.648924E-01   2.341394E-01
  0.4034128700  4.944068E-01  -1.012513E+00   -3.313492E-01  -1.441052E-01
  0.0970563300  6.856400E-01   8.770869E-01   -1.231891E-01  -9.059440E-01
Sr sv-pbe sv-pbe-q10
  2
  1  0  0  5  3
  7.1926734700  6.977869E-02  -2.219268E-02   1.117241E-01
  2.6693550900 -5.038081E-01   1.812385E-01  -7.147531E-01
  0.6303163100  8.188034E-01  -4.268263E-01   2.851523E+00
  0.2793031300  4.412463E-01  -2.316052E-01  -2.616425E+00
  0.0433777600  1.094814E-02   1.150035E+00   6.267546E-02
  0.0191939500 -2.606271E-03  -2.113048E-02   6.045680E-01
  1  1  1  3  2
  0.5471922500  8.070698E-01  -1.061727E+00
  0.1769821900  2.560556E-01   1.260285E+00
  0.0211761200  1.552611E-04   1.604308E-01
Mn sv-pbe sv-pbe-q15
  2
  1  0  2  5  3 2 2
  7.2317954100 -2.899542E-01   7.081417E-02  -1.873871E-02  -1.030403E-01  -2.999877E-01  -1.820056E-01   4.996542E-02
  3.0675884500  1.007579E-02   7.496423E-03  -4.975174E-01   3.846099E-01   1.423684E+00  -2.965216E-01   5.281439E-02
  1.2066458800  9.878558E-01  -4.743109E-01   2.230825E+00   6.105645E-01  -6.604869E-01  -4.089020E-01   1.554243E-01
  0.3914736200  1.679357E-01  -4.317889E-02  -2.562745E+00   1.821515E-01  -7.047300E-01  -3.666522E-01   1.432102E-01
  0.0842448500 -2.746225E-03   1.088621E+00   1.049437E+00  -7.390352E-03   5.375640E-01  -1.210293E-01  -1.021467E+00
  3  1  1  1  1
  0.127650    1.000000
O sv-pbe sv-pbe-q6
  3
  1  0  0  3  2
  8.5249436500 -1.442403E-01   1.675925E-01
  0.8811997600  6.224533E-01  -1.586284E+00
  0.2647797400  4.834207E-01   1.538600E+00
  1  1  1  3  2
  6.0633977300  1.720330E-01  -1.765924E-01
  1.3868359000  5.031532E-01  -8.590461E-01
  0.3102881200  5.549926E-01   1.013420E+00
  3  2  2  1  1
  1.200000000  1.000000000
Cu sv-pbe sv-pbe-q19
  2
  1  0  2  5  3 2 2
  9.5029804200  3.706329E-01   6.864983E-02   1.334603E-02   1.303541E-01   8.400558E-03  -1.501955E-01   3.425776E-02
  4.6636514900 -1.528808E-01  -1.680849E-02  -4.201391E-01  -4.700264E-01   7.348943E-02  -3.485258E-01   3.654081E-02
  1.6860979800 -9.418604E-01  -4.277506E-01   2.003904E+00  -5.910961E-01   7.806066E-01  -4.300971E-01   1.355785E-01
  0.5253635300 -1.561948E-01  -3.237302E-02  -2.407238E+00  -1.531207E-01  -1.228605E+00  -3.293623E-01   1.291266E-01
  0.1086366600  5.625410E-03   1.075068E+00   1.001993E+00   7.790955E-03  -1.127090E-01  -9.185456E-02  -1.024495E+00
  3  1  1  1  1
  0.155065    1.000000
Ni sv-pbe sv-pbe-q18
  2
  1  0  2  5  3 2 2
  8.9665775500 -3.535499E-01   7.135425E-02  -3.175280E-03  -1.135366E-01  -3.168034E-01  -1.651735E-01   3.809876E-02
  4.2513667500  1.317630E-01  -1.534046E-02  -4.137817E-01   4.505065E-01   1.353894E+00  -3.363956E-01   3.871927E-02
  1.5552119000  9.453411E-01  -4.383886E-01   2.024700E+00   5.929399E-01  -5.432425E-01  -4.269626E-01   1.415947E-01
  0.4876164400  1.565036E-01  -2.814228E-02  -2.432755E+00   1.561792E-01  -7.562628E-01  -3.330511E-01   1.250226E-01
  0.1020489500 -5.208302E-03   1.075133E+00   1.016894E+00  -7.769120E-03   3.950325E-01  -9.494162E-02  -1.022911E+00
  3  1  1  1  1
  0.146588    1.000000