#
Sr GTH-PBE-q10 GTH-PBE
    4    6
     0.48000000    2     6.81095035    -1.19610979
    3
     0.27588581    2    21.28971943    -7.89903416
                                       10.19760926
     0.28174086    2    11.70905135   -10.96577673
                                       12.97488200
     0.52108911    1     0.36053906
#
Mn GTH-PBE-q15 GTH-PBE
    4    6    5
     0.36500000    2     6.09304649    -0.44646948
    3
     0.29568592    2     1.88711984     6.35683658
                                       -8.20664074
     0.24561261    2    -6.57002452     7.98335983
                                       -9.44603874
     0.22252279    1   -11.61205092
#
La GTH-PBE-q11 GTH-PBE
    4    6    1
     0.53500000    2    20.68980469    -1.70327035
    4
     0.56144723    2    -0.02823977     1.07859821
                                       -1.39246430
     0.47517309    2     0.26802268     0.67328503
                                       -0.79664160
     0.62908399    1     0.38022718
     0.29911708    1   -18.44354886
#
O GTH-PBE-q6 GTH-PBE
    2    4
     0.24455430    2   -16.66721480     2.48731132
    2
     0.22095592    1    18.33745811
     0.21133247    0
#
Ni GTH-PBE-q18 GTH-PBE
    4    6    8
     0.35000000    2     2.10216598     0.64848387
    3
     0.26129530    2     0.62265847     9.97022667
                                      -12.87150729
     0.22425346    2   -11.14270822    12.42956644
                                      -14.70686134
     0.21534825    1   -12.62814550
#
Cu GTH-PBE-q11 GTH-PBE
    1    0   10
     0.53000000    0
    3
     0.43135505    3     9.69380507    -6.47016535     1.93595215
                                       11.50177396    -4.99860696
                                                       3.96752127
     0.56139155    2     2.54547330    -0.78463573
                                        0.92839352
     0.26455485    1   -12.82861406
#
