# 
# Partial phonon density of states for q along a band structure path
# 
# Energy in Ha      , DOS in states/Ha
# Gaussian method with smearing =     0.4556335253E-05Ha      , nq =       1
# 
# omega     PHDOS 
#
  -1.87921159E-06   2.56193199E+05
  -9.67944540E-07   2.57604130E+05
  -5.66774897E-08   2.49206930E+05
   8.54589561E-07   2.31955312E+05
   1.76585661E-06   2.07729855E+05
   2.67712366E-06   1.79001163E+05
   3.58839071E-06   1.48417606E+05
   4.49965776E-06   1.18412120E+05
   5.41092481E-06   9.09064518E+04
   6.32219186E-06   6.71561480E+04
   7.23345891E-06   4.77388619E+04
   8.14472597E-06   3.26553401E+04
   9.05599302E-06   2.14946724E+04
   9.96726007E-06   1.36143994E+04
   1.08785271E-05   8.29758611E+03
   1.17897942E-05   4.86612569E+03
   1.27010612E-05   2.74589527E+03
   1.36123283E-05   1.49088037E+03
   1.45235953E-05   7.78838262E+02
   1.54348624E-05   3.91456430E+02
   1.63461294E-05   1.89293606E+02
   1.72573965E-05   8.80619605E+01
   1.81686635E-05   3.94115194E+01
   1.90799306E-05   1.69676667E+01
   1.99911976E-05   7.02693953E+00
   2.09024647E-05   2.79921309E+00
   2.18137317E-05   1.07253509E+00
   2.27249988E-05   3.95250838E-01
   2.36362658E-05   1.40087597E-01
   2.45475329E-05   4.77498560E-02
   2.54587999E-05   1.56520060E-02
   2.63700670E-05   4.93371232E-03
   2.72813340E-05   1.49542347E-03
   2.81926011E-05   4.35835110E-04
   2.91038681E-05   1.22132004E-04
   3.00151352E-05   3.29054733E-05
   3.09264022E-05   8.52355821E-06
   3.18376693E-05   2.12261494E-06
   3.27489363E-05   5.08162970E-07
   3.36602034E-05   1.16950213E-07
   3.45714704E-05   2.58732267E-08
   3.54827375E-05   5.50221804E-09
   3.63940045E-05   1.12473280E-09
   3.73052716E-05   2.20990039E-10
   3.82165386E-05   4.17345640E-11
   3.91278057E-05   7.57543588E-12
   4.00390727E-05   1.32159165E-12
   4.09503398E-05   2.21592382E-13
   4.18616068E-05   3.57084331E-14
   4.27728739E-05   5.53014231E-15
   4.36841409E-05   8.23081855E-16
   4.45954080E-05   1.17728913E-16
   4.55066750E-05   1.61826372E-17
   4.64179421E-05   2.13764046E-18
   4.73292091E-05   2.71351867E-19
   4.82404762E-05   3.31007445E-20
   4.91517432E-05   3.88010889E-21
   5.00630103E-05   4.37065022E-22
   5.09742773E-05   4.73085143E-23
   5.18855444E-05   4.92061240E-24
   5.27968114E-05   4.91791900E-25
   5.37080785E-05   4.72304440E-26
   5.46193455E-05   4.35850422E-27
   5.55306126E-05   3.86477580E-28
   5.64418796E-05   3.29290629E-29
   5.73531467E-05   2.69587492E-30
   5.82644137E-05   2.12071682E-31
   5.91756808E-05   1.60297102E-32
   6.00869478E-05   1.16419669E-33
   6.09982149E-05   8.12423678E-35
   6.19094819E-05   5.44743789E-36
   6.28207490E-05   3.50956775E-37
   6.37320160E-05   2.17252542E-38
   6.46432831E-05   1.29218407E-39
   6.55545502E-05   7.38466318E-41
   6.64658172E-05   4.05492109E-42
   6.73770843E-05   2.13933231E-43
   6.82883513E-05   1.08446872E-44
   6.91996184E-05   5.28199098E-46
   7.01108854E-05   2.47183287E-47
   7.10221525E-05   1.11142569E-48
   7.19334195E-05   4.80154240E-50
   7.28446866E-05   1.99305511E-51
   7.37559536E-05   7.94868522E-53
   7.46672207E-05   3.04584678E-54
   7.55784877E-05   1.12139064E-55
   7.64897548E-05   3.96680936E-57
   7.74010218E-05   1.34821984E-58
   7.83122889E-05   4.40265413E-60
   7.92235559E-05   1.38134585E-61
   8.01348230E-05   4.16412592E-63
   8.10460900E-05   1.20608648E-64
   8.19573571E-05   3.35633913E-66
   8.28686241E-05   8.97399197E-68
   8.37798912E-05   2.30535414E-69
   8.46911582E-05   5.69012045E-71
   8.56024253E-05   1.34938798E-72
   8.65136923E-05   3.07456394E-74
   8.74249594E-05   6.73071655E-76
   8.83362264E-05   1.41569579E-77
   8.92474935E-05   2.86094328E-79
   9.01587605E-05   5.55493571E-81
   9.10700276E-05   1.03553436E-82
   9.19812946E-05   1.85617319E-84
   9.28925617E-05   0.00000000E+00
   9.38038287E-05   0.00000000E+00
   9.47150958E-05   0.00000000E+00
   9.56263628E-05   0.00000000E+00
   9.65376299E-05   0.00000000E+00
   9.74488969E-05   0.00000000E+00
   9.83601640E-05   0.00000000E+00
   9.92714310E-05   0.00000000E+00
   1.00182698E-04   0.00000000E+00
   1.01093965E-04   0.00000000E+00
   1.02005232E-04   0.00000000E+00
   1.02916499E-04   0.00000000E+00
   1.03827766E-04   0.00000000E+00
   1.04739033E-04   0.00000000E+00
   1.05650300E-04   0.00000000E+00
   1.06561567E-04   0.00000000E+00
   1.07472834E-04   0.00000000E+00
   1.08384102E-04   0.00000000E+00
   1.09295369E-04   0.00000000E+00
   1.10206636E-04   0.00000000E+00
   1.11117903E-04   0.00000000E+00
   1.12029170E-04   0.00000000E+00
   1.12940437E-04   0.00000000E+00
   1.13851704E-04   0.00000000E+00
   1.14762971E-04   0.00000000E+00
   1.15674238E-04   0.00000000E+00
   1.16585505E-04   0.00000000E+00
   1.17496772E-04   0.00000000E+00
   1.18408039E-04   0.00000000E+00
   1.19319306E-04   0.00000000E+00
   1.20230573E-04   0.00000000E+00
   1.21141840E-04   0.00000000E+00
   1.22053107E-04   0.00000000E+00
   1.22964374E-04   0.00000000E+00
   1.23875641E-04   0.00000000E+00
   1.24786908E-04   0.00000000E+00
   1.25698175E-04   0.00000000E+00
   1.26609443E-04   0.00000000E+00
   1.27520710E-04   0.00000000E+00
   1.28431977E-04   0.00000000E+00
   1.29343244E-04   0.00000000E+00
   1.30254511E-04   0.00000000E+00
   1.31165778E-04   2.19644625E-84
   1.32077045E-04   1.23174550E-82
   1.32988312E-04   6.63666064E-81
   1.33899579E-04   3.43563057E-79
   1.34810846E-04   1.70880114E-77
   1.35722113E-04   8.16591423E-76
   1.36633380E-04   3.74926660E-74
   1.37544647E-04   1.65392592E-72
   1.38455914E-04   7.00993520E-71
   1.39367181E-04   2.85456656E-69
   1.40278448E-04   1.11684927E-67
   1.41189715E-04   4.19833587E-66
   1.42100982E-04   1.51631005E-64
   1.43012249E-04   5.26171192E-63
   1.43923516E-04   1.75426154E-61
   1.44834784E-04   5.61939858E-60
   1.45746051E-04   1.72947207E-58
   1.46657318E-04   5.11405613E-57
   1.47568585E-04   1.45293320E-55
   1.48479852E-04   3.96601203E-54
   1.49391119E-04   1.04013719E-52
   1.50302386E-04   2.62093014E-51
   1.51213653E-04   6.34524633E-50
   1.52124920E-04   1.47594355E-48
   1.53036187E-04   3.29852082E-47
   1.53947454E-04   7.08266878E-46
   1.54858721E-04   1.46117710E-44
   1.55769988E-04   2.89625636E-43
   1.56681255E-04   5.51568385E-42
   1.57592522E-04   1.00922953E-40
   1.58503789E-04   1.77422526E-39
   1.59415056E-04   2.99678637E-38
   1.60326323E-04   4.86329969E-37
   1.61237590E-04   7.58288555E-36
   1.62148858E-04   1.13596824E-34
   1.63060125E-04   1.63503141E-33
   1.63971392E-04   2.26107116E-32
   1.64882659E-04   3.00421204E-31
   1.65793926E-04   3.83508642E-30
   1.66705193E-04   4.70379025E-29
   1.67616460E-04   5.54305211E-28
   1.68527727E-04   6.27593152E-27
   1.69438994E-04   6.82709036E-26
   1.70350261E-04   7.13544934E-25
   1.71261528E-04   7.16531394E-24
   1.72172795E-04   6.91317166E-23
   1.73084062E-04   6.40837148E-22
   1.73995329E-04   5.70750417E-21
   1.74906596E-04   4.88397033E-20
   1.75817863E-04   4.01539263E-19
   1.76729130E-04   3.17183975E-18
   1.77640397E-04   2.40725823E-17
   1.78551664E-04   1.75534442E-16
   1.79462931E-04   1.22978793E-15
   1.80374199E-04   8.27801729E-15
   1.81285466E-04   5.35365836E-14
   1.82196733E-04   3.32662003E-13
   1.83108000E-04   1.98602159E-12
   1.84019267E-04   1.13918157E-11
   1.84930534E-04   6.27812790E-11
   1.85841801E-04   3.32426462E-10
   1.86753068E-04   1.69117767E-09
   1.87664335E-04   8.26629891E-09
   1.88575602E-04   3.88205063E-08
   1.89486869E-04   1.75161843E-07
   1.90398136E-04   7.59357066E-07
   1.91309403E-04   3.16286599E-06
   1.92220670E-04   1.26573784E-05
   1.93131937E-04   4.86670429E-05
   1.94043204E-04   1.79785380E-04
   1.94954471E-04   6.38119488E-04
   1.95865738E-04   2.17609507E-03
   1.96777005E-04   7.12987541E-03
   1.97688272E-04   2.24447224E-02
   1.98599540E-04   6.78851461E-02
   1.99510807E-04   1.97271113E-01
   2.00422074E-04   5.50782909E-01
   2.01333341E-04   1.47749369E+00
   2.02244608E-04   3.80801839E+00
   2.03155875E-04   9.42976043E+00
   2.04067142E-04   2.24352287E+01
   2.04978409E-04   5.12847881E+01
   2.05889676E-04   1.12635385E+02
   2.06800943E-04   2.37678202E+02
   2.07712210E-04   4.81872430E+02
   2.08623477E-04   9.38648576E+02
   2.09534744E-04   1.75671857E+03
   2.10446011E-04   3.15885420E+03
   2.11357278E-04   5.45739249E+03
   2.12268545E-04   9.05876551E+03
   2.13179812E-04   1.44471129E+04
   2.14091079E-04   2.21371312E+04
   2.15002346E-04   3.25904104E+04
   2.15913613E-04   4.60984732E+04
   2.16824881E-04   6.26486150E+04
   2.17736148E-04   8.18021330E+04
   2.18647415E-04   1.02623306E+05
   2.19558682E-04   1.23695983E+05
   2.20469949E-04   1.43249598E+05
   2.21381216E-04   1.59389405E+05
   2.22292483E-04   1.70393768E+05
   2.23203750E-04   1.75015367E+05
   2.24115017E-04   1.72713738E+05
   2.25026284E-04   1.63759235E+05
   2.25937551E-04   1.49180803E+05
   2.26848818E-04   1.30571473E+05
   2.27760085E-04   1.09802413E+05
   2.28671352E-04   8.87163542E+04
   2.29582619E-04   6.88689892E+04
   2.30493886E-04   5.13655512E+04
   2.31405153E-04   3.68085252E+04
   2.32316420E-04   2.53427128E+04
   2.33227687E-04   1.67643225E+04
   2.34138955E-04   1.06548450E+04
   2.35050222E-04   6.50633591E+03
   2.35961489E-04   3.81728029E+03
   2.36872756E-04   2.15178977E+03
   2.37784023E-04   1.16539687E+03
   2.38695290E-04   6.06423577E+02
   2.39606557E-04   3.03184175E+02
   2.40517824E-04   1.45634812E+02
   2.41429091E-04   6.72128162E+01
   2.42340358E-04   2.98034957E+01
   2.43251625E-04   1.26972754E+01
   2.44162892E-04   5.19735155E+00
   2.45074159E-04   2.04400460E+00
   2.45985426E-04   7.72342378E-01
   2.46896693E-04   2.80392299E-01
   2.47807960E-04   9.78026267E-02
   2.48719227E-04   3.27765453E-02
   2.49630494E-04   1.05536833E-02
   2.50541761E-04   3.26492459E-03
   2.51453028E-04   9.70443992E-04
   2.52364296E-04   2.77137960E-04
   2.53275563E-04   7.60413429E-05
   2.54186830E-04   2.00461862E-05
   2.55098097E-04   5.07740684E-06
   2.56009364E-04   1.23560708E-06
   2.56920631E-04   2.88899661E-07
   2.57831898E-04   6.48995817E-08
   2.58743165E-04   1.40076404E-08
   2.59654432E-04   2.90480036E-09
   2.60565699E-04   5.78756415E-10
   2.61476966E-04   1.10790766E-10
   2.62388233E-04   2.03769667E-11
   2.63299500E-04   3.60083917E-12
   2.64210767E-04   6.11358754E-13
   2.65122034E-04   9.97279212E-14
   2.66033301E-04   1.56302390E-14
   2.66944568E-04   2.35365439E-15
   2.67855835E-04   3.40524202E-16
   2.68767102E-04   4.73349037E-17
   2.69678369E-04   6.32183611E-18
   2.70589637E-04   8.11209799E-19
   2.71500904E-04   1.00011828E-19
   2.72412171E-04   1.18467101E-20
   2.73323438E-04   1.34825605E-21
   2.74234705E-04   1.47426385E-22
   2.75145972E-04   1.54883900E-23
   2.76057239E-04   1.56338362E-24
   2.76968506E-04   1.51618801E-25
   2.77879773E-04   1.41276126E-26
   2.78791040E-04   1.26477339E-27
   2.79702307E-04   1.08788974E-28
   2.80613574E-04   8.99052941E-30
   2.81524841E-04   7.13861352E-31
   2.82436108E-04   5.44591295E-32
   2.83347375E-04   3.99168021E-33
   2.84258642E-04   2.81105283E-34
   2.85169909E-04   1.90199992E-35
   2.86081176E-04   1.23646037E-36
   2.86992443E-04   7.72285944E-38
   2.87903710E-04   4.63451487E-39
   2.88814978E-04   2.67213656E-40
   2.89726245E-04   1.48027103E-41
   2.90637512E-04   7.87865442E-43
   2.91548779E-04   4.02894263E-44
   2.92460046E-04   1.97951290E-45
   2.93371313E-04   9.34445141E-47
   2.94282580E-04   4.23816152E-48
   2.95193847E-04   1.84684063E-49
   2.96105114E-04   7.73231530E-51
   2.97016381E-04   3.11041195E-52
   2.97927648E-04   1.20213845E-53
   2.98838915E-04   4.46394964E-55
   2.99750182E-04   1.59262051E-56
   3.00661449E-04   5.45925706E-58
   3.01572716E-04   1.79797233E-59
   3.02483983E-04   5.68932424E-61
   3.03395250E-04   1.72968328E-62
   3.04306517E-04   5.05243470E-64
   3.05217784E-04   1.41795697E-65
   3.06129051E-04   3.82343416E-67
   3.07040319E-04   9.90540872E-69
   3.07951586E-04   2.46558174E-70
   3.08862853E-04   5.89650446E-72
   3.09774120E-04   1.35487141E-73
   3.10685387E-04   2.99109182E-75
   3.11596654E-04   6.34438651E-77
   3.12507921E-04   1.29293813E-78
   3.13419188E-04   2.53159408E-80
   3.14330455E-04   4.76253984E-82
   3.15241722E-04   8.60818105E-84
   3.16152989E-04   0.00000000E+00
   3.17064256E-04   0.00000000E+00
   3.17975523E-04   0.00000000E+00
   3.18886790E-04   0.00000000E+00
   3.19798057E-04   0.00000000E+00
   3.20709324E-04   0.00000000E+00
   3.21620591E-04   0.00000000E+00
   3.22531858E-04   0.00000000E+00
   3.23443125E-04   0.00000000E+00
   3.24354393E-04   0.00000000E+00
   3.25265660E-04   0.00000000E+00
   3.26176927E-04   0.00000000E+00
   3.27088194E-04   0.00000000E+00
   3.27999461E-04   0.00000000E+00
   3.28910728E-04   0.00000000E+00
   3.29821995E-04   0.00000000E+00
   3.30733262E-04   0.00000000E+00
   3.31644529E-04   0.00000000E+00
   3.32555796E-04   0.00000000E+00
   3.33467063E-04   0.00000000E+00
   3.34378330E-04   0.00000000E+00
   3.35289597E-04   0.00000000E+00
   3.36200864E-04   0.00000000E+00
   3.37112131E-04   0.00000000E+00
   3.38023398E-04   0.00000000E+00
   3.38934665E-04   0.00000000E+00
   3.39845932E-04   0.00000000E+00
   3.40757199E-04   0.00000000E+00
   3.41668466E-04   0.00000000E+00
   3.42579734E-04   0.00000000E+00
   3.43491001E-04   0.00000000E+00
   3.44402268E-04   0.00000000E+00
   3.45313535E-04   0.00000000E+00
   3.46224802E-04   0.00000000E+00
   3.47136069E-04   0.00000000E+00
   3.48047336E-04   0.00000000E+00
   3.48958603E-04   0.00000000E+00
   3.49869870E-04   0.00000000E+00
   3.50781137E-04   0.00000000E+00
   3.51692404E-04   0.00000000E+00
   3.52603671E-04   0.00000000E+00
   3.53514938E-04   0.00000000E+00
   3.54426205E-04   0.00000000E+00
   3.55337472E-04   0.00000000E+00
   3.56248739E-04   0.00000000E+00
   3.57160006E-04   0.00000000E+00
   3.58071273E-04   0.00000000E+00
   3.58982540E-04   0.00000000E+00
   3.59893807E-04   0.00000000E+00
   3.60805075E-04   0.00000000E+00
   3.61716342E-04   0.00000000E+00
   3.62627609E-04   0.00000000E+00
   3.63538876E-04   0.00000000E+00
   3.64450143E-04   0.00000000E+00
   3.65361410E-04   0.00000000E+00
   3.66272677E-04   0.00000000E+00
   3.67183944E-04   0.00000000E+00
   3.68095211E-04   0.00000000E+00
   3.69006478E-04   0.00000000E+00
   3.69917745E-04   0.00000000E+00
   3.70829012E-04   0.00000000E+00
   3.71740279E-04   0.00000000E+00
   3.72651546E-04   0.00000000E+00
   3.73562813E-04   0.00000000E+00
   3.74474080E-04   0.00000000E+00
   3.75385347E-04   0.00000000E+00
   3.76296614E-04   0.00000000E+00
   3.77207881E-04   0.00000000E+00
   3.78119148E-04   0.00000000E+00
   3.79030416E-04   0.00000000E+00
   3.79941683E-04   0.00000000E+00
   3.80852950E-04   0.00000000E+00
   3.81764217E-04   0.00000000E+00
   3.82675484E-04   0.00000000E+00
   3.83586751E-04   0.00000000E+00
   3.84498018E-04   0.00000000E+00
   3.85409285E-04   0.00000000E+00
   3.86320552E-04   0.00000000E+00
   3.87231819E-04   0.00000000E+00
   3.88143086E-04   0.00000000E+00
   3.89054353E-04   0.00000000E+00
   3.89965620E-04   0.00000000E+00
   3.90876887E-04   0.00000000E+00
   3.91788154E-04   0.00000000E+00
   3.92699421E-04   0.00000000E+00
   3.93610688E-04   0.00000000E+00
   3.94521955E-04   0.00000000E+00
   3.95433222E-04   0.00000000E+00
   3.96344490E-04   0.00000000E+00
   3.97255757E-04   0.00000000E+00
   3.98167024E-04   0.00000000E+00
   3.99078291E-04   0.00000000E+00
   3.99989558E-04   0.00000000E+00
   4.00900825E-04   0.00000000E+00
   4.01812092E-04   0.00000000E+00
   4.02723359E-04   0.00000000E+00
   4.03634626E-04   0.00000000E+00
   4.04545893E-04   0.00000000E+00
   4.05457160E-04   0.00000000E+00
   4.06368427E-04   0.00000000E+00
   4.07279694E-04   0.00000000E+00
   4.08190961E-04   0.00000000E+00
   4.09102228E-04   0.00000000E+00
   4.10013495E-04   0.00000000E+00
   4.10924762E-04   0.00000000E+00
   4.11836029E-04   0.00000000E+00
   4.12747296E-04   0.00000000E+00
   4.13658563E-04   0.00000000E+00
   4.14569831E-04   0.00000000E+00
   4.15481098E-04   0.00000000E+00
   4.16392365E-04   0.00000000E+00
   4.17303632E-04   0.00000000E+00
   4.18214899E-04   0.00000000E+00
   4.19126166E-04   0.00000000E+00
   4.20037433E-04   0.00000000E+00
   4.20948700E-04   0.00000000E+00
   4.21859967E-04   0.00000000E+00
   4.22771234E-04   0.00000000E+00
   4.23682501E-04   0.00000000E+00
   4.24593768E-04   0.00000000E+00
   4.25505035E-04   0.00000000E+00
   4.26416302E-04   0.00000000E+00
   4.27327569E-04   0.00000000E+00
   4.28238836E-04   0.00000000E+00
   4.29150103E-04   0.00000000E+00
   4.30061370E-04   0.00000000E+00
   4.30972637E-04   0.00000000E+00
   4.31883904E-04   0.00000000E+00
   4.32795172E-04   0.00000000E+00
   4.33706439E-04   0.00000000E+00
   4.34617706E-04   0.00000000E+00
   4.35528973E-04   0.00000000E+00
   4.36440240E-04   0.00000000E+00
   4.37351507E-04   0.00000000E+00
   4.38262774E-04   0.00000000E+00
   4.39174041E-04   0.00000000E+00
   4.40085308E-04   0.00000000E+00
   4.40996575E-04   0.00000000E+00
   4.41907842E-04   0.00000000E+00
   4.42819109E-04   0.00000000E+00
   4.43730376E-04   0.00000000E+00
   4.44641643E-04   0.00000000E+00
   4.45552910E-04   0.00000000E+00
   4.46464177E-04   0.00000000E+00
   4.47375444E-04   0.00000000E+00
   4.48286711E-04   0.00000000E+00
   4.49197978E-04   0.00000000E+00
   4.50109245E-04   0.00000000E+00
   4.51020513E-04   0.00000000E+00
   4.51931780E-04   0.00000000E+00
   4.52843047E-04   0.00000000E+00
   4.53754314E-04   0.00000000E+00
   4.54665581E-04   0.00000000E+00
   4.55576848E-04   0.00000000E+00
   4.56488115E-04   0.00000000E+00
   4.57399382E-04   0.00000000E+00
   4.58310649E-04   0.00000000E+00
   4.59221916E-04   0.00000000E+00
   4.60133183E-04   0.00000000E+00
   4.61044450E-04   0.00000000E+00
   4.61955717E-04   0.00000000E+00
   4.62866984E-04   0.00000000E+00
   4.63778251E-04   0.00000000E+00
   4.64689518E-04   0.00000000E+00
   4.65600785E-04   0.00000000E+00
   4.66512052E-04   0.00000000E+00
   4.67423319E-04   0.00000000E+00
   4.68334586E-04   0.00000000E+00
   4.69245854E-04   0.00000000E+00
   4.70157121E-04   0.00000000E+00
   4.71068388E-04   0.00000000E+00
   4.71979655E-04   0.00000000E+00
   4.72890922E-04   0.00000000E+00
   4.73802189E-04   0.00000000E+00
   4.74713456E-04   0.00000000E+00
   4.75624723E-04   0.00000000E+00
   4.76535990E-04   0.00000000E+00
   4.77447257E-04   0.00000000E+00
   4.78358524E-04   0.00000000E+00
   4.79269791E-04   0.00000000E+00
   4.80181058E-04   0.00000000E+00
   4.81092325E-04   0.00000000E+00
   4.82003592E-04   0.00000000E+00
   4.82914859E-04   0.00000000E+00
   4.83826126E-04   0.00000000E+00
   4.84737393E-04   0.00000000E+00
   4.85648660E-04   0.00000000E+00
   4.86559928E-04   0.00000000E+00
   4.87471195E-04   0.00000000E+00
   4.88382462E-04   0.00000000E+00
   4.89293729E-04   0.00000000E+00
   4.90204996E-04   0.00000000E+00
   4.91116263E-04   0.00000000E+00
   4.92027530E-04   0.00000000E+00
   4.92938797E-04   0.00000000E+00
   4.93850064E-04   0.00000000E+00
   4.94761331E-04   0.00000000E+00
   4.95672598E-04   0.00000000E+00
   4.96583865E-04   0.00000000E+00
   4.97495132E-04   0.00000000E+00
   4.98406399E-04   0.00000000E+00
   4.99317666E-04   0.00000000E+00
   5.00228933E-04   0.00000000E+00
   5.01140200E-04   0.00000000E+00
   5.02051467E-04   0.00000000E+00
   5.02962734E-04   0.00000000E+00
   5.03874001E-04   0.00000000E+00
   5.04785269E-04   0.00000000E+00
   5.05696536E-04   0.00000000E+00
   5.06607803E-04   0.00000000E+00
   5.07519070E-04   0.00000000E+00
   5.08430337E-04   0.00000000E+00
   5.09341604E-04   0.00000000E+00
   5.10252871E-04   0.00000000E+00
   5.11164138E-04   0.00000000E+00
   5.12075405E-04   0.00000000E+00
   5.12986672E-04   0.00000000E+00
   5.13897939E-04   0.00000000E+00
   5.14809206E-04   0.00000000E+00
   5.15720473E-04   0.00000000E+00
   5.16631740E-04   0.00000000E+00
   5.17543007E-04   0.00000000E+00
   5.18454274E-04   0.00000000E+00
   5.19365541E-04   0.00000000E+00
   5.20276808E-04   0.00000000E+00
   5.21188075E-04   0.00000000E+00
   5.22099342E-04   0.00000000E+00
   5.23010610E-04   0.00000000E+00
   5.23921877E-04   0.00000000E+00
   5.24833144E-04   0.00000000E+00
   5.25744411E-04   0.00000000E+00
   5.26655678E-04   0.00000000E+00
   5.27566945E-04   0.00000000E+00
   5.28478212E-04   0.00000000E+00
   5.29389479E-04   0.00000000E+00
   5.30300746E-04   0.00000000E+00
   5.31212013E-04   0.00000000E+00
   5.32123280E-04   0.00000000E+00
   5.33034547E-04   0.00000000E+00
   5.33945814E-04   0.00000000E+00
   5.34857081E-04   0.00000000E+00
   5.35768348E-04   0.00000000E+00
   5.36679615E-04   0.00000000E+00
   5.37590882E-04   0.00000000E+00
   5.38502149E-04   0.00000000E+00
   5.39413416E-04   0.00000000E+00
   5.40324683E-04   0.00000000E+00
   5.41235951E-04   0.00000000E+00
   5.42147218E-04   0.00000000E+00
   5.43058485E-04   0.00000000E+00
   5.43969752E-04   0.00000000E+00
   5.44881019E-04   0.00000000E+00
   5.45792286E-04   0.00000000E+00
   5.46703553E-04   0.00000000E+00
   5.47614820E-04   0.00000000E+00
   5.48526087E-04   0.00000000E+00
   5.49437354E-04   0.00000000E+00
   5.50348621E-04   0.00000000E+00
   5.51259888E-04   0.00000000E+00
   5.52171155E-04   0.00000000E+00
   5.53082422E-04   0.00000000E+00
   5.53993689E-04   0.00000000E+00
   5.54904956E-04   0.00000000E+00
   5.55816223E-04   0.00000000E+00
   5.56727490E-04   0.00000000E+00
   5.57638757E-04   0.00000000E+00
   5.58550024E-04   0.00000000E+00
   5.59461292E-04   0.00000000E+00
   5.60372559E-04   0.00000000E+00
   5.61283826E-04   0.00000000E+00
   5.62195093E-04   0.00000000E+00
   5.63106360E-04   0.00000000E+00
   5.64017627E-04   0.00000000E+00
   5.64928894E-04   0.00000000E+00
   5.65840161E-04   0.00000000E+00
   5.66751428E-04   0.00000000E+00
   5.67662695E-04   0.00000000E+00
   5.68573962E-04   0.00000000E+00
   5.69485229E-04   0.00000000E+00
   5.70396496E-04   0.00000000E+00
   5.71307763E-04   0.00000000E+00
   5.72219030E-04   0.00000000E+00
   5.73130297E-04   0.00000000E+00
   5.74041564E-04   0.00000000E+00
   5.74952831E-04   0.00000000E+00
   5.75864098E-04   0.00000000E+00
   5.76775366E-04   0.00000000E+00
   5.77686633E-04   0.00000000E+00
   5.78597900E-04   0.00000000E+00
   5.79509167E-04   0.00000000E+00
   5.80420434E-04   0.00000000E+00
   5.81331701E-04   0.00000000E+00
   5.82242968E-04   0.00000000E+00
   5.83154235E-04   0.00000000E+00
   5.84065502E-04   0.00000000E+00
   5.84976769E-04   0.00000000E+00
   5.85888036E-04   0.00000000E+00
   5.86799303E-04   0.00000000E+00
   5.87710570E-04   0.00000000E+00
   5.88621837E-04   0.00000000E+00
   5.89533104E-04   0.00000000E+00
   5.90444371E-04   0.00000000E+00
   5.91355638E-04   0.00000000E+00
   5.92266905E-04   0.00000000E+00
   5.93178172E-04   0.00000000E+00
   5.94089439E-04   0.00000000E+00
   5.95000707E-04   0.00000000E+00
   5.95911974E-04   0.00000000E+00
   5.96823241E-04   0.00000000E+00
   5.97734508E-04   0.00000000E+00
   5.98645775E-04   0.00000000E+00
   5.99557042E-04   0.00000000E+00
   6.00468309E-04   0.00000000E+00
   6.01379576E-04   0.00000000E+00
   6.02290843E-04   0.00000000E+00
   6.03202110E-04   0.00000000E+00
   6.04113377E-04   0.00000000E+00
   6.05024644E-04   0.00000000E+00
   6.05935911E-04   0.00000000E+00
   6.06847178E-04   0.00000000E+00
   6.07758445E-04   0.00000000E+00
   6.08669712E-04   0.00000000E+00
   6.09580979E-04   0.00000000E+00
   6.10492246E-04   0.00000000E+00
   6.11403513E-04   0.00000000E+00
   6.12314780E-04   0.00000000E+00
   6.13226048E-04   0.00000000E+00
   6.14137315E-04   0.00000000E+00
   6.15048582E-04   0.00000000E+00
   6.15959849E-04   0.00000000E+00
   6.16871116E-04   0.00000000E+00
   6.17782383E-04   0.00000000E+00
   6.18693650E-04   0.00000000E+00
   6.19604917E-04   0.00000000E+00
   6.20516184E-04   0.00000000E+00
   6.21427451E-04   4.25346541E-84
   6.22338718E-04   2.35353735E-82
   6.23249985E-04   1.25120222E-80
   6.24161252E-04   6.39090169E-79
   6.25072519E-04   3.13635338E-77
   6.25983786E-04   1.47882254E-75
   6.26895053E-04   6.69939146E-74
   6.27806320E-04   2.91596878E-72
   6.28717587E-04   1.21943485E-70
   6.29628854E-04   4.89962181E-69
   6.30540121E-04   1.89144944E-67
   6.31451389E-04   7.01544353E-66
   6.32362656E-04   2.50002154E-64
   6.33273923E-04   8.55974031E-63
   6.34185190E-04   2.81582492E-61
   6.35096457E-04   8.89977297E-60
   6.36007724E-04   2.70259164E-58
   6.36918991E-04   7.88515346E-57
   6.37830258E-04   2.21038585E-55
   6.38741525E-04   5.95325184E-54
   6.39652792E-04   1.54052460E-52
   6.40564059E-04   3.83010996E-51
   6.41475326E-04   9.14917781E-50
   6.42386593E-04   2.09981539E-48
   6.43297860E-04   4.63029200E-47
   6.44209127E-04   9.80988389E-46
   6.45120394E-04   1.99685980E-44
   6.46031661E-04   3.90534588E-43
   6.46942928E-04   7.33837081E-42
   6.47854195E-04   1.32485400E-40
   6.48765463E-04   2.29807720E-39
   6.49676730E-04   3.82991755E-38
   6.50587997E-04   6.13256920E-37
   6.51499264E-04   9.43460474E-36
   6.52410531E-04   1.39454709E-34
   6.53321798E-04   1.98048190E-33
   6.54233065E-04   2.70232011E-32
   6.55144332E-04   3.54267187E-31
   6.56055599E-04   4.46224371E-30
   6.56966866E-04   5.40012563E-29
   6.57878133E-04   6.27888691E-28
   6.58789400E-04   7.01438630E-27
   6.59700667E-04   7.52878542E-26
   6.60611934E-04   7.76405100E-25
   6.61523201E-04   7.69272239E-24
   6.62434468E-04   7.32318427E-23
   6.63345735E-04   6.69804536E-22
   6.64257002E-04   5.88605651E-21
   6.65168269E-04   4.96968648E-20
   6.66079536E-04   4.03145462E-19
   6.66990804E-04   3.14212010E-18
   6.67902071E-04   2.35294625E-17
   6.68813338E-04   1.69289278E-16
   6.69724605E-04   1.17024049E-15
   6.70635872E-04   7.77229022E-15
   6.71547139E-04   4.95965101E-14
   6.72458406E-04   3.04075513E-13
   6.73369673E-04   1.79118316E-12
   6.74280940E-04   1.01374043E-11
   6.75192207E-04   5.51241316E-11
   6.76103474E-04   2.87995017E-10
   6.77014741E-04   1.44562752E-09
   6.77926008E-04   6.97197884E-09
   6.78837275E-04   3.23060555E-08
   6.79748542E-04   1.43826870E-07
   6.80659809E-04   6.15211360E-07
   6.81571076E-04   2.52834820E-06
   6.82482343E-04   9.98338089E-06
   6.83393610E-04   3.78744748E-05
   6.84304877E-04   1.38052355E-04
   6.85216145E-04   4.83469674E-04
   6.86127412E-04   1.62675773E-03
   6.87038679E-04   5.25901900E-03
   6.87949946E-04   1.63348376E-02
   6.88861213E-04   4.87475871E-02
   6.89772480E-04   1.39771829E-01
   6.90683747E-04   3.85047574E-01
   6.91595014E-04   1.01914823E+00
   6.92506281E-04   2.59172275E+00
   6.93417548E-04   6.33239428E+00
   6.94328815E-04   1.48653649E+01
   6.95240082E-04   3.35282914E+01
   6.96151349E-04   7.26566703E+01
   6.97062616E-04   1.51275215E+02
   6.97973883E-04   3.02613494E+02
   6.98885150E-04   5.81616904E+02
   6.99796417E-04   1.07402396E+03
   7.00707684E-04   1.90554471E+03
   7.01618951E-04   3.24827311E+03
   7.02530218E-04   5.32003084E+03
   7.03441486E-04   8.37151354E+03
   7.04352753E-04   1.26567453E+04
   7.05264020E-04   1.83851981E+04
   7.06175287E-04   2.56591822E+04
   7.07086554E-04   3.44068987E+04
   7.07997821E-04   4.43278294E+04
   7.08909088E-04   5.48700839E+04
   7.09820355E-04   6.52563838E+04
   7.10731622E-04   7.45656149E+04
   7.11642889E-04   8.18620139E+04
   7.12554156E-04   8.63484341E+04
   7.13465423E-04   8.75094044E+04
   7.14376690E-04   8.52085571E+04
   7.15287957E-04   7.97149751E+04
   7.16199224E-04   7.16514261E+04
   7.17110491E-04   6.18782445E+04
   7.18021758E-04   5.13427764E+04
   7.18933025E-04   4.09306778E+04
   7.19844292E-04   3.13506640E+04
   7.20755559E-04   2.30713375E+04
   7.21666827E-04   1.63127440E+04
   7.22578094E-04   1.10817791E+04
   7.23489361E-04   7.23302856E+03
   7.24400628E-04   4.53585425E+03
   7.25311895E-04   2.73291562E+03
   7.26223162E-04   1.58205499E+03
   7.27134429E-04   8.79923968E+02
   7.28045696E-04   4.70215500E+02
   7.28956963E-04   2.41422062E+02
   7.29868230E-04   1.19092714E+02
   7.30779497E-04   5.64445021E+01
   7.31690764E-04   2.57031484E+01
   7.32602031E-04   1.12455117E+01
   7.33513298E-04   4.72716040E+00
   7.34424565E-04   1.90919232E+00
   7.35335832E-04   7.40844800E-01
   7.36247099E-04   2.76205942E-01
   7.37158366E-04   9.89388865E-02
   7.38069633E-04   3.40509506E-02
   7.38980901E-04   1.12595150E-02
   7.39892168E-04   3.57715983E-03
   7.40803435E-04   1.09190594E-03
   7.41714702E-04   3.20228760E-04
   7.42625969E-04   9.02326391E-05
   7.43537236E-04   2.44284103E-05
   7.44448503E-04   6.35411356E-06
   7.45359770E-04   1.58797244E-06
   7.46271037E-04   3.81293295E-07
   7.47182304E-04   8.79637219E-08
   7.48093571E-04   1.94973796E-08
   7.49004838E-04   4.15218903E-09
   7.49916105E-04   8.49583772E-10
   7.50827372E-04   1.67018093E-10
   7.51738639E-04   3.15463453E-11
   7.52649906E-04   5.72483278E-12
   7.53561173E-04   9.98170613E-13
   7.54472440E-04   1.67214900E-13
   7.55383707E-04   2.69136989E-14
   7.56294974E-04   4.16198036E-15
   7.57206242E-04   6.18379214E-16
   7.58117509E-04   8.82750477E-17
   7.59028776E-04   1.21073545E-17
   7.59940043E-04   1.59547050E-18
   7.60851310E-04   2.02002395E-19
   7.61762577E-04   2.45726774E-20
   7.62673844E-04   2.87194858E-21
   7.63585111E-04   3.22499512E-22
   7.64496378E-04   3.47944266E-23
   7.65407645E-04   3.60677066E-24
   7.66318912E-04   3.59215933E-25
   7.67230179E-04   3.43732722E-26
   7.68141446E-04   3.16019864E-27
   7.69052713E-04   2.79149021E-28
   7.69963980E-04   2.36911453E-29
   7.70875247E-04   1.93180917E-30
   7.71786514E-04   1.51345883E-31
   7.72697781E-04   1.13921376E-32
   7.73609048E-04   8.23887761E-34
   7.74520315E-04   5.72478396E-35
   7.75431583E-04   3.82189167E-36
   7.76342850E-04   2.45146595E-37
   7.77254117E-04   1.51078122E-38
   7.78165384E-04   8.94551837E-40
   7.79076651E-04   5.08906111E-41
   7.79987918E-04   2.78162154E-42
   7.80899185E-04   1.46078613E-43
   7.81810452E-04   7.37061036E-45
   7.82721719E-04   3.57312750E-46
   7.83632986E-04   1.66430983E-47
   7.84544253E-04   7.56549895E-49
   7.85455520E-04   3.11858236E-49
   7.86366787E-04   6.38925399E-48
   7.87278054E-04   1.40102343E-46
   7.88189321E-04   2.95228626E-45
   7.89100588E-04   5.97722927E-44
   7.90011855E-04   1.16270512E-42
   7.90923122E-04   2.17303878E-41
   7.91834389E-04   3.90205683E-40
   7.92745656E-04   6.73205915E-39
   7.93656924E-04   1.11591336E-37
   7.94568191E-04   1.77722024E-36
   7.95479458E-04   2.71944479E-35
   7.96390725E-04   3.99804302E-34
   7.97301992E-04   5.64732653E-33
   7.98213259E-04   7.66419520E-32
   7.99124526E-04   9.99351883E-31
   8.00035793E-04   1.25198330E-29
   8.00947060E-04   1.50697780E-28
   8.01858327E-04   1.74278332E-27
   8.02769594E-04   1.93645833E-26
   8.03680861E-04   2.06728873E-25
   8.04592128E-04   2.12042219E-24
   8.05503395E-04   2.08964140E-23
   8.06414662E-04   1.97856083E-22
   8.07325929E-04   1.79992858E-21
   8.08237196E-04   1.57321963E-20
   8.09148463E-04   1.32114858E-19
   8.10059730E-04   1.06596315E-18
   8.10970998E-04   8.26344114E-18
   8.11882265E-04   6.15471442E-17
   8.12793532E-04   4.40436290E-16
   8.13704799E-04   3.02821360E-15
   8.14616066E-04   2.00040594E-14
   8.15527333E-04   1.26963237E-13
   8.16438600E-04   7.74222982E-13
   8.17349867E-04   4.53609719E-12
   8.18261134E-04   2.55344710E-11
   8.19172401E-04   1.38101883E-10
   8.20083668E-04   7.17629947E-10
   8.20994935E-04   3.58285910E-09
   8.21906202E-04   1.71864875E-08
   8.22817469E-04   7.92086740E-08
   8.23728736E-04   3.50741036E-07
   8.24640003E-04   1.49220551E-06
   8.25551270E-04   6.09956577E-06
   8.26462537E-04   2.39550686E-05
   8.27373804E-04   9.03907810E-05
   8.28285071E-04   3.27701991E-04
   8.29196339E-04   1.14146406E-03
   8.30107606E-04   3.82009027E-03
   8.31018873E-04   1.22832482E-02
   8.31930140E-04   3.79473151E-02
   8.32841407E-04   1.12635969E-01
   8.33752674E-04   3.21219102E-01
   8.34663941E-04   8.80144238E-01
   8.35575208E-04   2.31704547E+00
   8.36486475E-04   5.86061895E+00
   8.37397742E-04   1.42423165E+01
   8.38309009E-04   3.32541616E+01
   8.39220276E-04   7.46001315E+01
   8.40131543E-04   1.60790877E+02
   8.41042810E-04   3.32974853E+02
   8.41954077E-04   6.62505805E+02
   8.42865344E-04   1.26647366E+03
   8.43776611E-04   2.32611325E+03
   8.44687878E-04   4.10481670E+03
   8.45599145E-04   6.95961001E+03
   8.46510412E-04   1.13371596E+04
   8.47421680E-04   1.77440126E+04
   8.48332947E-04   2.66825685E+04
   8.49244214E-04   3.85506453E+04
   8.50155481E-04   5.35135658E+04
   8.51066748E-04   7.13714220E+04
   8.51978015E-04   9.14561742E+04
   8.52889282E-04   1.12597807E+05
   8.53800549E-04   1.33191053E+05
   8.54711816E-04   1.51372992E+05
   8.55623083E-04   1.65291286E+05
   8.56534350E-04   1.73412238E+05
   8.57445617E-04   1.74798518E+05
   8.58356884E-04   1.69287142E+05
   8.59268151E-04   1.57520985E+05
   8.60179418E-04   1.40825430E+05
   8.61090685E-04   1.20962839E+05
   8.62001952E-04   9.98277034E+04
   8.62913219E-04   7.91550102E+04
   8.63824486E-04   6.03023113E+04
   8.64735753E-04   4.41385162E+04
   8.65647021E-04   3.10405723E+04
   8.66558288E-04   2.09734527E+04
   8.67469555E-04   1.36156495E+04
   8.68380822E-04   8.49248948E+03
   8.69292089E-04   5.08932156E+03
   8.70203356E-04   2.93030608E+03
   8.71114623E-04   1.62104213E+03
   8.72025890E-04   8.61596325E+02
   8.72937157E-04   4.39988773E+02
   8.73848424E-04   2.15877595E+02
   8.74759691E-04   1.01765781E+02
   8.75670958E-04   4.60918553E+01
   8.76582225E-04   2.00574090E+01
   8.77493492E-04   8.38597770E+00
   8.78404759E-04   3.36868897E+00
   8.79316026E-04   1.30016232E+00
   8.80227293E-04   4.82142412E-01
   8.81138560E-04   1.71836793E-01
   8.82049827E-04   5.90329190E-02
   8.82961094E-04   2.01433932E-02
   8.83872362E-04   8.77480693E-03
   8.84783629E-04   1.03253981E-02
   8.85694896E-04   2.64155956E-02
   8.86606163E-04   7.60930064E-02
   8.87517430E-04   2.14188823E-01
   8.88428697E-04   5.80210869E-01
   8.89339964E-04   1.51032667E+00
   8.90251231E-04   3.77737944E+00
   8.91162498E-04   9.07693387E+00
   8.92073765E-04   2.09563678E+01
   8.92985032E-04   4.64858822E+01
   8.93896299E-04   9.90727835E+01
   8.94807566E-04   2.02869086E+02
   8.95718833E-04   3.99121940E+02
   8.96630100E-04   7.54437993E+02
   8.97541367E-04   1.37015507E+03
   8.98452634E-04   2.39080476E+03
   8.99363901E-04   4.00817546E+03
   9.00275168E-04   6.45620864E+03
   9.01186436E-04   9.99163613E+03
   9.02097703E-04   1.48567523E+04
   9.03008970E-04   2.12245934E+04
   9.03920237E-04   2.91328581E+04
   9.04831504E-04   3.84197938E+04
   9.05742771E-04   4.86805175E+04
   9.06654038E-04   5.92629907E+04
   9.07565305E-04   6.93170645E+04
   9.08476572E-04   7.78977621E+04
   9.09387839E-04   8.41081385E+04
   9.10299106E-04   8.72527817E+04
