-0.200000 -0.520000 -0.312500
-0.160000 -0.520000 -0.312500
-0.120000 -0.560000 -0.312500
-0.120000 -0.520000 -0.343750
-0.120000 -0.520000 -0.312500
-0.200000 -0.520000 -0.281250
-0.200000 -0.480000 -0.312500
-0.200000 -0.440000 -0.312500
-0.160000 -0.520000 -0.281250
-0.160000 -0.480000 -0.312500
-0.120000 -0.520000 -0.281250
-0.120000 -0.480000 -0.312500
-0.200000 -0.480000 -0.281250
-0.200000 -0.480000 -0.250000
-0.200000 -0.440000 -0.281250
-0.160000 -0.480000 -0.281250
-0.160000 -0.440000 -0.312500
-0.120000 -0.480000 -0.281250
-0.120000 -0.440000 -0.312500
-0.160000 -0.480000 -0.250000
-0.160000 -0.440000 -0.281250
-0.160000 -0.440000 -0.250000
-0.160000 -0.400000 -0.281250
-0.120000 -0.480000 -0.250000
-0.120000 -0.440000 -0.281250
-0.080000 -0.480000 -0.250000
-0.160000 -0.440000 -0.218750
-0.160000 -0.400000 -0.250000
-0.120000 -0.440000 -0.250000
-0.120000 -0.400000 -0.281250
-0.120000 -0.400000 -0.250000
-0.080000 -0.440000 -0.250000
-0.080000 -0.400000 -0.281250
-0.160000 -0.400000 -0.218750
-0.160000 -0.360000 -0.250000
-0.120000 -0.440000 -0.218750
-0.120000 -0.400000 -0.250000
-0.120000 -0.400000 -0.218750
-0.120000 -0.360000 -0.250000
-0.080000 -0.440000 -0.218750
-0.080000 -0.400000 -0.250000
-0.080000 -0.360000 -0.250000
-0.160000 -0.360000 -0.218750
-0.120000 -0.360000 -0.218750
-0.080000 -0.400000 -0.218750
-0.080000 -0.360000 -0.250000
-0.080000 -0.360000 -0.218750
-0.160000 -0.360000 -0.187500
-0.160000 -0.320000 -0.218750
-0.120000 -0.360000 -0.187500
-0.120000 -0.320000 -0.218750
-0.080000 -0.360000 -0.187500
-0.080000 -0.320000 -0.218750
-0.120000 -0.320000 -0.187500
-0.120000 -0.280000 -0.218750
-0.080000 -0.320000 -0.187500
-0.080000 -0.280000 -0.218750
-0.040000 -0.320000 -0.187500
-0.040000 -0.280000 -0.218750
-0.120000 -0.320000 -0.156250
-0.120000 -0.280000 -0.187500
-0.120000 -0.280000 -0.156250
-0.120000 -0.240000 -0.187500
-0.080000 -0.320000 -0.156250
-0.080000 -0.280000 -0.187500
-0.040000 -0.320000 -0.156250
-0.040000 -0.280000 -0.187500
-0.120000 -0.280000 -0.125000
-0.120000 -0.240000 -0.156250
-0.080000 -0.280000 -0.156250
-0.080000 -0.240000 -0.187500
-0.080000 -0.240000 -0.156250
-0.040000 -0.280000 -0.156250
-0.040000 -0.240000 -0.187500
-0.120000 -0.240000 -0.125000
-0.120000 -0.200000 -0.156250
-0.080000 -0.280000 -0.125000
-0.080000 -0.240000 -0.125000
-0.080000 -0.200000 -0.156250
-0.040000 -0.280000 -0.125000
-0.040000 -0.240000 -0.156250
-0.040000 -0.200000 -0.156250
-0.120000 -0.200000 -0.125000
-0.080000 -0.240000 -0.093750
-0.080000 -0.200000 -0.125000
-0.040000 -0.240000 -0.125000
-0.040000 -0.240000 -0.093750
-0.040000 -0.200000 -0.156250
-0.040000 -0.200000 -0.125000
-0.080000 -0.200000 -0.093750
-0.080000 -0.160000 -0.125000
-0.040000 -0.200000 -0.093750
-0.040000 -0.160000 -0.125000
 0.000000 -0.200000 -0.093750
 0.000000 -0.160000 -0.125000
-0.080000 -0.160000 -0.093750
-0.040000 -0.160000 -0.093750
 0.000000 -0.200000 -0.093750
 0.000000 -0.160000 -0.093750
-0.080000 -0.160000 -0.062500
-0.080000 -0.120000 -0.093750
-0.080000 -0.120000 -0.062500
-0.080000 -0.080000 -0.093750
-0.040000 -0.160000 -0.062500
-0.040000 -0.120000 -0.093750
 0.000000 -0.160000 -0.062500
 0.000000 -0.120000 -0.093750
-0.080000 -0.120000 -0.031250
-0.080000 -0.080000 -0.062500
-0.040000 -0.120000 -0.062500
-0.040000 -0.080000 -0.093750
-0.040000 -0.080000 -0.062500
 0.000000 -0.120000 -0.062500
 0.000000 -0.080000 -0.093750
-0.080000 -0.080000 -0.031250
-0.080000 -0.040000 -0.062500
-0.040000 -0.120000 -0.031250
-0.040000 -0.080000 -0.031250
-0.040000 -0.040000 -0.062500
 0.000000 -0.120000 -0.031250
 0.000000 -0.080000 -0.062500
 0.000000 -0.040000 -0.062500
-0.040000 -0.080000  0.000000
-0.040000 -0.040000 -0.031250
 0.000000 -0.080000 -0.031250
 0.000000 -0.080000  0.000000
 0.000000 -0.040000 -0.031250
-0.040000 -0.040000  0.000000
-0.040000  0.000000 -0.031250
 0.000000 -0.040000  0.000000
 0.000000  0.000000 -0.031250
 0.040000 -0.080000  0.000000
 0.040000 -0.040000 -0.031250
 0.040000 -0.040000  0.000000
 0.040000  0.000000 -0.031250
-0.040000  0.000000  0.000000
-0.040000  0.040000  0.000000
 0.000000  0.000000  0.000000
 0.040000 -0.040000  0.000000
 0.040000  0.000000  0.000000
-0.040000  0.000000  0.031250
-0.040000  0.040000  0.000000
-0.040000  0.040000  0.031250
-0.040000  0.080000  0.000000
 0.000000  0.000000  0.031250
 0.000000  0.040000  0.000000
 0.040000  0.000000  0.031250
 0.040000  0.040000  0.000000
 0.000000  0.040000  0.031250
 0.000000  0.080000  0.000000
 0.000000  0.080000  0.031250
 0.040000  0.040000  0.031250
 0.040000  0.080000  0.000000
 0.000000  0.040000  0.062500
 0.000000  0.080000  0.062500
 0.000000  0.120000  0.031250
 0.040000  0.040000  0.062500
 0.040000  0.080000  0.031250
 0.040000  0.120000  0.031250
 0.080000  0.040000  0.062500
 0.080000  0.080000  0.031250
 0.000000  0.080000  0.093750
 0.000000  0.120000  0.062500
 0.040000  0.080000  0.062500
 0.040000  0.080000  0.093750
 0.040000  0.120000  0.062500
 0.080000  0.080000  0.062500
 0.080000  0.120000  0.031250
 0.000000  0.120000  0.093750
 0.000000  0.160000  0.062500
 0.040000  0.120000  0.093750
 0.040000  0.160000  0.062500
 0.080000  0.080000  0.093750
 0.080000  0.120000  0.062500
 0.080000  0.120000  0.093750
 0.080000  0.160000  0.062500
 0.000000  0.160000  0.093750
 0.000000  0.200000  0.093750
 0.040000  0.160000  0.093750
 0.080000  0.160000  0.093750
 0.000000  0.160000  0.125000
 0.000000  0.200000  0.093750
 0.040000  0.160000  0.125000
 0.040000  0.200000  0.093750
 0.080000  0.160000  0.125000
 0.080000  0.200000  0.093750
 0.040000  0.200000  0.125000
 0.040000  0.200000  0.156250
 0.040000  0.240000  0.093750
 0.040000  0.240000  0.125000
 0.080000  0.200000  0.125000
 0.080000  0.240000  0.093750
 0.120000  0.200000  0.125000
 0.040000  0.200000  0.156250
 0.040000  0.240000  0.156250
 0.040000  0.280000  0.125000
 0.080000  0.200000  0.156250
 0.080000  0.240000  0.125000
 0.080000  0.280000  0.125000
 0.120000  0.200000  0.156250
 0.120000  0.240000  0.125000
 0.040000  0.240000  0.187500
 0.040000  0.280000  0.156250
 0.080000  0.240000  0.156250
 0.080000  0.240000  0.187500
 0.080000  0.280000  0.156250
 0.120000  0.240000  0.156250
 0.120000  0.280000  0.125000
 0.040000  0.280000  0.187500
 0.040000  0.320000  0.156250
 0.080000  0.280000  0.187500
 0.080000  0.320000  0.156250
 0.120000  0.240000  0.187500
 0.120000  0.280000  0.156250
 0.120000  0.280000  0.187500
 0.120000  0.320000  0.156250
 0.040000  0.280000  0.218750
 0.040000  0.320000  0.187500
 0.080000  0.280000  0.218750
 0.080000  0.320000  0.187500
 0.120000  0.280000  0.218750
 0.120000  0.320000  0.187500
 0.080000  0.320000  0.218750
 0.080000  0.360000  0.187500
 0.120000  0.320000  0.218750
 0.120000  0.360000  0.187500
 0.160000  0.320000  0.218750
 0.160000  0.360000  0.187500
 0.080000  0.360000  0.218750
 0.080000  0.360000  0.250000
 0.080000  0.400000  0.218750
 0.120000  0.360000  0.218750
 0.160000  0.360000  0.218750
 0.080000  0.360000  0.250000
 0.080000  0.400000  0.250000
 0.080000  0.440000  0.218750
 0.120000  0.360000  0.250000
 0.120000  0.400000  0.218750
 0.120000  0.400000  0.250000
 0.120000  0.440000  0.218750
 0.160000  0.360000  0.250000
 0.160000  0.400000  0.218750
 0.080000  0.400000  0.281250
 0.080000  0.440000  0.250000
 0.120000  0.400000  0.250000
 0.120000  0.400000  0.281250
 0.120000  0.440000  0.250000
 0.160000  0.400000  0.250000
 0.160000  0.440000  0.218750
 0.080000  0.480000  0.250000
 0.120000  0.440000  0.281250
 0.120000  0.480000  0.250000
 0.160000  0.400000  0.281250
 0.160000  0.440000  0.250000
 0.160000  0.440000  0.281250
 0.160000  0.480000  0.250000
 0.120000  0.440000  0.312500
 0.120000  0.480000  0.281250
 0.160000  0.440000  0.312500
 0.160000  0.480000  0.281250
 0.200000  0.440000  0.281250
 0.200000  0.480000  0.250000
 0.200000  0.480000  0.281250
 0.120000  0.480000  0.312500
 0.120000  0.520000  0.281250
 0.160000  0.480000  0.312500
 0.160000  0.520000  0.281250
 0.200000  0.440000  0.312500
 0.200000  0.480000  0.312500
 0.200000  0.520000  0.281250
 0.120000  0.520000  0.312500
 0.120000  0.520000  0.343750
 0.120000  0.560000  0.312500
 0.160000  0.520000  0.312500
 0.200000  0.520000  0.312500
