0.196747433687858103157353 0.196747433687858214179656
0.196747433687858408468685 0.196747433687858491735412
0.196747433687858602757714 0.196747433687858686024441
0.196747433687858797046744 0.196747433687858908069046
0.196747433687859102358075 0.196747433687859185624802
0.196747433687859296647105 0.196747433687859379913832
0.196747433687859379913832 0.196747433687859490936134
0.203322611402288522253201 0.203322611402288605519928
0.203322611402288716542230 0.203322611402288799808957
0.203322611402289216142591 0.203322611402289299409318
0.203322611402289410431621 0.203322611402289493698348
0.203322611402289687987377 0.203322611402289799009679
