0.203322611402289826765255 0.203322611402290825965977
0.203322611402288577764352 0.203322611402288605519928
0.203322611402288688786655 0.203322611402288716542230
0.203322611402288716542230 0.203322611402288744297806
0.203322611402288799808957 0.203322611402288827564533
0.203322611402288827564533 0.203322611402288855320108
0.203322611402288910831260 0.203322611402288938586835
0.203322611402289021853562 0.203322611402289049609138
0.203322611402289077364713 0.203322611402289105120289
0.203322611402289132875865 0.203322611402289160631440
0.203322611402289188387016 0.203322611402289216142591
0.203322611402289243898167 0.203322611402289271653743
0.203322611402289382676045 0.203322611402289410431621
0.203322611402289438187196 0.203322611402289465942772
0.203322611402289493698348 0.203322611402289521453923
0.203322611402289549209499 0.203322611402289576965075
0.203322611402289604720650 0.203322611402289632476226
0.203322611402289660231801 0.203322611402289687987377
0.203322611402289715742953 0.203322611402289743498528
0.203322611402289799009679 0.203322611402289826765255
