-0.000000000000000000433681 0.203322611402288827564533
-0.000000000000000000433681 0.203322611402288827564533
0.000000000000000000216840 0.203322611402288855320108
0.000000000000000000216840 0.203322611402288855320108
0.000000000000000000216840 0.203322611402288855320108
0.000000000000000000433681 0.203322611402288883075684
0.000000000000000000433681 0.203322611402288883075684
0.000000000000000000650521 0.203322611402288910831260
0.000000000000000000650521 0.203322611402288910831260
0.000000000000000000650521 0.203322611402288910831260
-0.000000000000000000433681 0.203322611402288938586835
-0.000000000000000000433681 0.203322611402288938586835
-0.000000000000000000433681 0.203322611402288938586835
0.000000000000000000000000 0.203322611402288966342411
0.000000000000000000000000 0.203322611402288966342411
0.000000000000000000000000 0.203322611402288966342411
0.000000000000000000000000 0.203322611402288994097987
0.000000000000000000000000 0.203322611402288994097987
0.000000000000000000000000 0.203322611402288994097987
0.000000000000000000867362 0.203322611402289021853562
0.000000000000000000867362 0.203322611402289021853562
-0.000000000000000000216840 0.203322611402289049609138
-0.000000000000000000216840 0.203322611402289049609138
-0.000000000000000000216840 0.203322611402289049609138
-0.000000000000000000216840 0.203322611402289077364713
-0.000000000000000000216840 0.203322611402289077364713
-0.000000000000000000216840 0.203322611402289077364713
0.000000000000000000216840 0.203322611402289105120289
0.000000000000000000216840 0.203322611402289105120289
0.000000000000000000216840 0.203322611402289105120289
0.000000000000000000433681 0.203322611402289132875865
0.000000000000000000433681 0.203322611402289132875865
-0.000000000000000000867362 0.203322611402289160631440
-0.000000000000000000867362 0.203322611402289160631440
-0.000000000000000000867362 0.203322611402289160631440
-0.000000000000000000216840 0.203322611402289188387016
-0.000000000000000000216840 0.203322611402289188387016
-0.000000000000000000216840 0.203322611402289188387016
0.000000000000000000216840 0.203322611402289216142591
0.000000000000000000216840 0.203322611402289216142591
0.000000000000000000216840 0.203322611402289216142591
0.000000000000000000650521 0.203322611402289243898167
0.000000000000000000650521 0.203322611402289243898167
0.000000000000000000650521 0.203322611402289243898167
-0.000000000000000000650521 0.203322611402289271653743
-0.000000000000000000650521 0.203322611402289271653743
-0.000000000000000000433681 0.203322611402289299409318
-0.000000000000000000433681 0.203322611402289299409318
-0.000000000000000000433681 0.203322611402289299409318
0.000000000000000000000000 0.203322611402289327164894
0.000000000000000000000000 0.203322611402289327164894
0.000000000000000000000000 0.203322611402289327164894
0.000000000000000000216840 0.203322611402289354920470
0.000000000000000000216840 0.203322611402289354920470
0.000000000000000000216840 0.203322611402289354920470
0.000000000000000000867362 0.203322611402289382676045
0.000000000000000000867362 0.203322611402289382676045
-0.000000000000000000216840 0.203322611402289410431621
-0.000000000000000000216840 0.203322611402289410431621
-0.000000000000000000216840 0.203322611402289410431621
-0.000000000000000000216840 0.203322611402289438187196
-0.000000000000000000216840 0.203322611402289438187196
-0.000000000000000000216840 0.203322611402289438187196
0.000000000000000000216840 0.203322611402289465942772
0.000000000000000000216840 0.203322611402289465942772
0.000000000000000000216840 0.203322611402289465942772
0.000000000000000000433681 0.203322611402289493698348
0.000000000000000000433681 0.203322611402289493698348
0.000000000000000000433681 0.203322611402289493698348
-0.000000000000000000867362 0.203322611402289521453923
-0.000000000000000000867362 0.203322611402289521453923
-0.000000000000000000216840 0.203322611402289549209499
-0.000000000000000000216840 0.203322611402289549209499
-0.000000000000000000216840 0.203322611402289549209499
0.000000000000000000216840 0.203322611402289576965075
0.000000000000000000216840 0.203322611402289576965075
0.000000000000000000216840 0.203322611402289576965075
0.000000000000000000650521 0.203322611402289604720650
0.000000000000000000650521 0.203322611402289604720650
0.000000000000000000650521 0.203322611402289604720650
-0.000000000000000000650521 0.203322611402289632476226
-0.000000000000000000650521 0.203322611402289632476226
-0.000000000000000000433681 0.203322611402289660231801
-0.000000000000000000433681 0.203322611402289660231801
-0.000000000000000000433681 0.203322611402289660231801
0.000000000000000000216840 0.203322611402289687987377
0.000000000000000000216840 0.203322611402289687987377
0.000000000000000000216840 0.203322611402289687987377
0.000000000000000000216840 0.203322611402289715742953
0.000000000000000000216840 0.203322611402289715742953
0.000000000000000000216840 0.203322611402289715742953
-0.000000000000000000867362 0.203322611402289743498528
-0.000000000000000000867362 0.203322611402289743498528
-0.000000000000000000867362 0.203322611402289743498528
-0.000000000000000000216840 0.203322611402289771254104
-0.000000000000000000216840 0.203322611402289771254104
-0.000000000000000000216840 0.203322611402289799009679
-0.000000000000000000216840 0.203322611402289799009679
-0.000000000000000000216840 0.203322611402289799009679
0.000000000000000000216840 0.203322611402289826765255
0.000000000000000000216840 0.203322611402289826765255
