0.000000000000000001084202 0.203322611402287856119386
0.000000000000000001084202 0.203322611402287856119386
0.000000000000000001301043 0.203322611402287883874962
0.000000000000000001301043 0.203322611402287883874962
0.000000000000000001301043 0.203322611402287883874962
0.000000000000000000216840 0.203322611402287911630538
0.000000000000000000216840 0.203322611402287911630538
0.000000000000000000216840 0.203322611402287911630538
0.000000000000000000433681 0.203322611402287939386113
0.000000000000000000433681 0.203322611402287939386113
0.000000000000000001084202 0.203322611402287967141689
0.000000000000000001084202 0.203322611402287967141689
0.000000000000000001084202 0.203322611402287967141689
0.000000000000000001301043 0.203322611402287994897264
0.000000000000000001301043 0.203322611402287994897264
0.000000000000000001301043 0.203322611402287994897264
0.000000000000000000216840 0.203322611402288022652840
0.000000000000000000216840 0.203322611402288022652840
0.000000000000000000216840 0.203322611402288022652840
0.000000000000000000650521 0.203322611402288050408416
0.000000000000000000650521 0.203322611402288050408416
0.000000000000000000650521 0.203322611402288050408416
0.000000000000000000650521 0.203322611402288078163991
0.000000000000000000650521 0.203322611402288078163991
0.000000000000000000650521 0.203322611402288078163991
0.000000000000000001301043 0.203322611402288105919567
0.000000000000000001301043 0.203322611402288105919567
0.000000000000000001301043 0.203322611402288105919567
0.000000000000000000216840 0.203322611402288133675142
0.000000000000000000216840 0.203322611402288133675142
0.000000000000000000216840 0.203322611402288133675142
0.000000000000000000433681 0.203322611402288161430718
0.000000000000000000433681 0.203322611402288161430718
0.000000000000000000867362 0.203322611402288189186294
0.000000000000000000867362 0.203322611402288189186294
0.000000000000000000867362 0.203322611402288189186294
0.000000000000000001084202 0.203322611402288216941869
0.000000000000000001084202 0.203322611402288216941869
0.000000000000000001084202 0.203322611402288216941869
0.000000000000000001517883 0.203322611402288244697445
0.000000000000000001517883 0.203322611402288244697445
0.000000000000000001517883 0.203322611402288244697445
0.000000000000000000216840 0.203322611402288272453021
0.000000000000000000216840 0.203322611402288272453021
0.000000000000000000216840 0.203322611402288272453021
0.000000000000000000650521 0.203322611402288300208596
0.000000000000000000650521 0.203322611402288300208596
0.000000000000000000650521 0.203322611402288300208596
0.000000000000000001301043 0.203322611402288327964172
0.000000000000000001301043 0.203322611402288327964172
0.000000000000000001301043 0.203322611402288355719747
0.000000000000000001301043 0.203322611402288355719747
0.000000000000000001301043 0.203322611402288355719747
0.000000000000000000216840 0.203322611402288383475323
0.000000000000000000216840 0.203322611402288383475323
0.000000000000000000216840 0.203322611402288383475323
0.000000000000000000650521 0.203322611402288411230899
0.000000000000000000650521 0.203322611402288411230899
0.000000000000000000650521 0.203322611402288411230899
0.000000000000000000650521 0.203322611402288438986474
0.000000000000000000650521 0.203322611402288438986474
0.000000000000000000650521 0.203322611402288438986474
0.000000000000000001301043 0.203322611402288466742050
0.000000000000000001301043 0.203322611402288466742050
0.000000000000000001301043 0.203322611402288466742050
0.000000000000000000216840 0.203322611402288494497625
0.000000000000000000216840 0.203322611402288494497625
0.000000000000000000216840 0.203322611402288494497625
0.000000000000000000433681 0.203322611402288522253201
0.000000000000000000433681 0.203322611402288522253201
0.000000000000000000433681 0.203322611402288522253201
0.000000000000000000650521 0.203322611402288550008777
0.000000000000000000650521 0.203322611402288550008777
0.000000000000000001084202 0.203322611402288577764352
0.000000000000000001084202 0.203322611402288577764352
0.000000000000000001084202 0.203322611402288577764352
-0.000000000000000000216840 0.203322611402288605519928
-0.000000000000000000216840 0.203322611402288605519928
-0.000000000000000000216840 0.203322611402288605519928
0.000000000000000000000000 0.203322611402288633275504
0.000000000000000000000000 0.203322611402288633275504
0.000000000000000000000000 0.203322611402288633275504
0.000000000000000000650521 0.203322611402288661031079
0.000000000000000000650521 0.203322611402288661031079
0.000000000000000000650521 0.203322611402288661031079
0.000000000000000001084202 0.203322611402288688786655
0.000000000000000001084202 0.203322611402288688786655
0.000000000000000001084202 0.203322611402288688786655
-0.000000000000000000216840 0.203322611402288716542230
-0.000000000000000000216840 0.203322611402288716542230
-0.000000000000000000216840 0.203322611402288716542230
0.000000000000000000216840 0.203322611402288744297806
0.000000000000000000216840 0.203322611402288744297806
0.000000000000000000433681 0.203322611402288772053382
0.000000000000000000433681 0.203322611402288772053382
0.000000000000000000433681 0.203322611402288772053382
0.000000000000000000867362 0.203322611402288799808957
0.000000000000000000867362 0.203322611402288799808957
0.000000000000000000867362 0.203322611402288799808957
-0.000000000000000000433681 0.203322611402288827564533
-0.000000000000000000433681 0.203322611402288827564533
