-0.000000000000000000216840 0.196747433687859241135953
-0.000000000000000000216840 0.196747433687859241135953
-0.000000000000000000216840 0.196747433687859241135953
-0.000000000000000000216840 0.196747433687859241135953
-0.000000000000000000216840 0.196747433687859241135953
-0.000000000000000000216840 0.196747433687859241135953
-0.000000000000000000216840 0.196747433687859241135953
-0.000000000000000000216840 0.196747433687859241135953
-0.000000000000000000216840 0.196747433687859241135953
-0.000000000000000000216840 0.196747433687859241135953
-0.000000000000000000216840 0.196747433687859241135953
-0.000000000000000000216840 0.196747433687859241135953
-0.000000000000000000216840 0.196747433687859241135953
-0.000000000000000000216840 0.196747433687859241135953
0.000000000000000000216840 0.196747433687859268891529
0.000000000000000000216840 0.196747433687859268891529
0.000000000000000000216840 0.196747433687859268891529
0.000000000000000000216840 0.196747433687859268891529
0.000000000000000000216840 0.196747433687859268891529
0.000000000000000000216840 0.196747433687859268891529
0.000000000000000000216840 0.196747433687859268891529
0.000000000000000000216840 0.196747433687859268891529
0.000000000000000000216840 0.196747433687859268891529
0.000000000000000000216840 0.196747433687859268891529
0.000000000000000000216840 0.196747433687859268891529
0.000000000000000000216840 0.196747433687859268891529
0.000000000000000000216840 0.196747433687859268891529
0.000000000000000000216840 0.196747433687859268891529
0.000000000000000000216840 0.196747433687859268891529
0.000000000000000000216840 0.196747433687859268891529
0.000000000000000000216840 0.196747433687859268891529
0.000000000000000000216840 0.196747433687859268891529
0.000000000000000000216840 0.196747433687859268891529
0.000000000000000000216840 0.196747433687859268891529
0.000000000000000000216840 0.196747433687859268891529
0.000000000000000000216840 0.196747433687859268891529
0.000000000000000000216840 0.196747433687859268891529
0.000000000000000000216840 0.196747433687859268891529
0.000000000000000000216840 0.196747433687859268891529
0.000000000000000000216840 0.196747433687859268891529
0.000000000000000000216840 0.196747433687859268891529
0.000000000000000000216840 0.196747433687859268891529
0.000000000000000000433681 0.196747433687859296647105
0.000000000000000000433681 0.196747433687859296647105
0.000000000000000000433681 0.196747433687859296647105
0.000000000000000000433681 0.196747433687859296647105
0.000000000000000000433681 0.196747433687859296647105
0.000000000000000000433681 0.196747433687859296647105
0.000000000000000000433681 0.196747433687859296647105
0.000000000000000000433681 0.196747433687859296647105
0.000000000000000000433681 0.196747433687859296647105
0.000000000000000000433681 0.196747433687859296647105
0.000000000000000000433681 0.196747433687859296647105
0.000000000000000000433681 0.196747433687859296647105
0.000000000000000000433681 0.196747433687859296647105
0.000000000000000000433681 0.196747433687859296647105
0.000000000000000000433681 0.196747433687859296647105
0.000000000000000000433681 0.196747433687859296647105
0.000000000000000000433681 0.196747433687859296647105
0.000000000000000000433681 0.196747433687859296647105
0.000000000000000000433681 0.196747433687859296647105
0.000000000000000000433681 0.196747433687859296647105
0.000000000000000000433681 0.196747433687859296647105
0.000000000000000000433681 0.196747433687859296647105
0.000000000000000000433681 0.196747433687859296647105
0.000000000000000000433681 0.196747433687859296647105
0.000000000000000000433681 0.196747433687859296647105
0.000000000000000000433681 0.196747433687859296647105
0.000000000000000000433681 0.196747433687859296647105
0.000000000000000000433681 0.196747433687859296647105
0.000000000000000000433681 0.196747433687859324402680
0.000000000000000000433681 0.196747433687859324402680
0.000000000000000000433681 0.196747433687859324402680
0.000000000000000000433681 0.196747433687859324402680
0.000000000000000000433681 0.196747433687859324402680
0.000000000000000000433681 0.196747433687859324402680
0.000000000000000000433681 0.196747433687859324402680
0.000000000000000000433681 0.196747433687859324402680
0.000000000000000000433681 0.196747433687859324402680
0.000000000000000000433681 0.196747433687859324402680
0.000000000000000000433681 0.196747433687859324402680
0.000000000000000000433681 0.196747433687859324402680
0.000000000000000000433681 0.196747433687859324402680
0.000000000000000000433681 0.196747433687859324402680
0.000000000000000000433681 0.196747433687859324402680
0.000000000000000000433681 0.196747433687859324402680
0.000000000000000000433681 0.196747433687859324402680
0.000000000000000000433681 0.196747433687859324402680
0.000000000000000000433681 0.196747433687859324402680
0.000000000000000000433681 0.196747433687859324402680
0.000000000000000000433681 0.196747433687859324402680
0.000000000000000000433681 0.196747433687859324402680
0.000000000000000000433681 0.196747433687859324402680
0.000000000000000000433681 0.196747433687859324402680
0.000000000000000000433681 0.196747433687859324402680
0.000000000000000000433681 0.196747433687859324402680
0.000000000000000000433681 0.196747433687859324402680
0.000000000000000000433681 0.196747433687859324402680
0.000000000000000000867362 0.196747433687859352158256
0.000000000000000000867362 0.196747433687859352158256
0.000000000000000000867362 0.196747433687859352158256
0.000000000000000000867362 0.196747433687859352158256
0.000000000000000000867362 0.196747433687859352158256
0.000000000000000000867362 0.196747433687859352158256
0.000000000000000000867362 0.196747433687859352158256
0.000000000000000000867362 0.196747433687859352158256
0.000000000000000000867362 0.196747433687859352158256
0.000000000000000000867362 0.196747433687859352158256
0.000000000000000000867362 0.196747433687859352158256
0.000000000000000000867362 0.196747433687859352158256
0.000000000000000000867362 0.196747433687859352158256
0.000000000000000000867362 0.196747433687859352158256
0.000000000000000000867362 0.196747433687859352158256
0.000000000000000000867362 0.196747433687859352158256
0.000000000000000000867362 0.196747433687859352158256
0.000000000000000000867362 0.196747433687859352158256
0.000000000000000000867362 0.196747433687859352158256
0.000000000000000000867362 0.196747433687859352158256
0.000000000000000000867362 0.196747433687859352158256
0.000000000000000000867362 0.196747433687859352158256
0.000000000000000000867362 0.196747433687859352158256
0.000000000000000000867362 0.196747433687859352158256
0.000000000000000000867362 0.196747433687859352158256
0.000000000000000000867362 0.196747433687859352158256
0.000000000000000000867362 0.196747433687859352158256
0.000000000000000000867362 0.196747433687859352158256
-0.000000000000000000216840 0.196747433687859379913832
-0.000000000000000000216840 0.196747433687859379913832
-0.000000000000000000216840 0.196747433687859379913832
-0.000000000000000000216840 0.196747433687859379913832
-0.000000000000000000216840 0.196747433687859379913832
-0.000000000000000000216840 0.196747433687859379913832
-0.000000000000000000216840 0.196747433687859379913832
-0.000000000000000000216840 0.196747433687859379913832
-0.000000000000000000216840 0.196747433687859379913832
-0.000000000000000000216840 0.196747433687859379913832
-0.000000000000000000216840 0.196747433687859379913832
-0.000000000000000000216840 0.196747433687859379913832
-0.000000000000000000216840 0.196747433687859379913832
-0.000000000000000000216840 0.196747433687859379913832
-0.000000000000000000216840 0.196747433687859379913832
-0.000000000000000000216840 0.196747433687859379913832
-0.000000000000000000216840 0.196747433687859379913832
-0.000000000000000000216840 0.196747433687859379913832
-0.000000000000000000216840 0.196747433687859379913832
-0.000000000000000000216840 0.196747433687859379913832
-0.000000000000000000216840 0.196747433687859379913832
-0.000000000000000000216840 0.196747433687859379913832
-0.000000000000000000216840 0.196747433687859379913832
-0.000000000000000000216840 0.196747433687859379913832
-0.000000000000000000216840 0.196747433687859379913832
-0.000000000000000000216840 0.196747433687859379913832
-0.000000000000000000216840 0.196747433687859379913832
0.000000000000000000216840 0.196747433687859407669407
0.000000000000000000216840 0.196747433687859407669407
0.000000000000000000216840 0.196747433687859407669407
0.000000000000000000216840 0.196747433687859407669407
0.000000000000000000216840 0.196747433687859407669407
0.000000000000000000216840 0.196747433687859407669407
0.000000000000000000216840 0.196747433687859407669407
0.000000000000000000216840 0.196747433687859407669407
0.000000000000000000216840 0.196747433687859407669407
0.000000000000000000216840 0.196747433687859407669407
0.000000000000000000216840 0.196747433687859407669407
0.000000000000000000216840 0.196747433687859407669407
0.000000000000000000216840 0.196747433687859407669407
0.000000000000000000216840 0.196747433687859407669407
0.000000000000000000216840 0.196747433687859407669407
0.000000000000000000216840 0.196747433687859407669407
0.000000000000000000216840 0.196747433687859407669407
0.000000000000000000216840 0.196747433687859407669407
0.000000000000000000216840 0.196747433687859407669407
0.000000000000000000216840 0.196747433687859407669407
0.000000000000000000216840 0.196747433687859407669407
0.000000000000000000216840 0.196747433687859407669407
0.000000000000000000216840 0.196747433687859407669407
0.000000000000000000216840 0.196747433687859407669407
0.000000000000000000216840 0.196747433687859407669407
0.000000000000000000216840 0.196747433687859407669407
0.000000000000000000216840 0.196747433687859407669407
0.000000000000000000216840 0.196747433687859407669407
0.000000000000000000433681 0.196747433687859435424983
0.000000000000000000433681 0.196747433687859435424983
0.000000000000000000433681 0.196747433687859435424983
0.000000000000000000433681 0.196747433687859435424983
0.000000000000000000433681 0.196747433687859435424983
0.000000000000000000433681 0.196747433687859435424983
0.000000000000000000433681 0.196747433687859435424983
0.000000000000000000433681 0.196747433687859435424983
0.000000000000000000433681 0.196747433687859435424983
0.000000000000000000433681 0.196747433687859435424983
0.000000000000000000433681 0.196747433687859435424983
0.000000000000000000433681 0.196747433687859435424983
0.000000000000000000433681 0.196747433687859435424983
0.000000000000000000433681 0.196747433687859435424983
0.000000000000000000433681 0.196747433687859435424983
0.000000000000000000433681 0.196747433687859435424983
0.000000000000000000433681 0.196747433687859435424983
0.000000000000000000433681 0.196747433687859435424983
0.000000000000000000433681 0.196747433687859435424983
0.000000000000000000433681 0.196747433687859435424983
0.000000000000000000433681 0.196747433687859435424983
0.000000000000000000433681 0.196747433687859435424983
0.000000000000000000433681 0.196747433687859435424983
0.000000000000000000433681 0.196747433687859435424983
0.000000000000000000433681 0.196747433687859435424983
0.000000000000000000433681 0.196747433687859435424983
0.000000000000000000433681 0.196747433687859435424983
0.000000000000000000433681 0.196747433687859435424983
0.000000000000000000867362 0.196747433687859463180558
0.000000000000000000867362 0.196747433687859463180558
0.000000000000000000867362 0.196747433687859463180558
0.000000000000000000867362 0.196747433687859463180558
0.000000000000000000867362 0.196747433687859463180558
0.000000000000000000867362 0.196747433687859463180558
0.000000000000000000867362 0.196747433687859463180558
0.000000000000000000867362 0.196747433687859463180558
0.000000000000000000867362 0.196747433687859463180558
0.000000000000000000867362 0.196747433687859463180558
0.000000000000000000867362 0.196747433687859463180558
0.000000000000000000867362 0.196747433687859463180558
0.000000000000000000867362 0.196747433687859463180558
0.000000000000000000867362 0.196747433687859463180558
0.000000000000000000867362 0.196747433687859463180558
0.000000000000000000867362 0.196747433687859463180558
0.000000000000000000867362 0.196747433687859463180558
0.000000000000000000867362 0.196747433687859463180558
0.000000000000000000867362 0.196747433687859463180558
0.000000000000000000867362 0.196747433687859463180558
0.000000000000000000867362 0.196747433687859463180558
0.000000000000000000867362 0.196747433687859463180558
0.000000000000000000867362 0.196747433687859463180558
0.000000000000000000867362 0.196747433687859463180558
0.000000000000000000867362 0.196747433687859463180558
0.000000000000000000867362 0.196747433687859463180558
0.000000000000000000867362 0.196747433687859463180558
0.000000000000000000867362 0.196747433687859463180558
0.000000000000000000867362 0.196747433687859490936134
0.000000000000000000867362 0.196747433687859490936134
0.000000000000000000867362 0.196747433687859490936134
0.000000000000000000867362 0.196747433687859490936134
0.000000000000000000867362 0.196747433687859490936134
0.000000000000000000867362 0.196747433687859490936134
0.000000000000000000867362 0.196747433687859490936134
0.000000000000000000867362 0.196747433687859490936134
0.000000000000000000867362 0.196747433687859490936134
0.000000000000000000867362 0.196747433687859490936134
0.000000000000000000867362 0.196747433687859490936134
0.000000000000000000867362 0.196747433687859490936134
0.000000000000000000867362 0.196747433687859490936134
0.000000000000000000867362 0.196747433687859490936134
0.000000000000000000867362 0.196747433687859490936134
0.000000000000000000867362 0.196747433687859490936134
0.000000000000000000867362 0.196747433687859490936134
0.000000000000000000867362 0.196747433687859490936134
0.000000000000000000867362 0.196747433687859490936134
0.000000000000000000867362 0.196747433687859490936134
0.000000000000000000867362 0.196747433687859490936134
0.000000000000000000867362 0.196747433687859490936134
0.000000000000000000867362 0.196747433687859490936134
0.000000000000000000867362 0.196747433687859490936134
0.000000000000000000867362 0.196747433687859490936134
0.000000000000000000867362 0.196747433687859490936134
0.000000000000000000867362 0.196747433687859490936134
-0.000000000000000000216840 0.196747433687859518691710
-0.000000000000000000216840 0.196747433687859518691710
-0.000000000000000000216840 0.196747433687859518691710
-0.000000000000000000216840 0.196747433687859518691710
-0.000000000000000000216840 0.196747433687859518691710
-0.000000000000000000216840 0.196747433687859518691710
-0.000000000000000000216840 0.196747433687859518691710
-0.000000000000000000216840 0.196747433687859518691710
-0.000000000000000000216840 0.196747433687859518691710
-0.000000000000000000216840 0.196747433687859518691710
-0.000000000000000000216840 0.196747433687859518691710
-0.000000000000000000216840 0.196747433687859518691710
-0.000000000000000000216840 0.196747433687859518691710
-0.000000000000000000216840 0.196747433687859518691710
-0.000000000000000000216840 0.196747433687859518691710
-0.000000000000000000216840 0.196747433687859518691710
-0.000000000000000000216840 0.196747433687859518691710
-0.000000000000000000216840 0.196747433687859518691710
-0.000000000000000000216840 0.196747433687859518691710
-0.000000000000000000216840 0.196747433687859518691710
-0.000000000000000000216840 0.196747433687859518691710
-0.000000000000000000216840 0.196747433687859518691710
-0.000000000000000000216840 0.196747433687859518691710
-0.000000000000000000216840 0.196747433687859518691710
-0.000000000000000000216840 0.196747433687859518691710
-0.000000000000000000216840 0.196747433687859518691710
-0.000000000000000000216840 0.196747433687859518691710
-0.000000000000000000216840 0.196747433687859518691710
0.000000000000000000433681 0.196747433687859546447285
0.000000000000000000433681 0.196747433687859546447285
0.000000000000000000433681 0.196747433687859546447285
0.000000000000000000433681 0.196747433687859546447285
0.000000000000000000433681 0.196747433687859546447285
0.000000000000000000433681 0.196747433687859546447285
0.000000000000000000433681 0.196747433687859546447285
0.000000000000000000433681 0.196747433687859546447285
0.000000000000000000433681 0.196747433687859546447285
0.000000000000000000433681 0.196747433687859546447285
0.000000000000000000433681 0.196747433687859546447285
0.000000000000000000433681 0.196747433687859546447285
0.000000000000000000433681 0.196747433687859546447285
0.000000000000000000433681 0.196747433687859546447285
0.000000000000000000433681 0.196747433687859546447285
0.000000000000000000433681 0.196747433687859546447285
0.000000000000000000433681 0.196747433687859546447285
0.000000000000000000433681 0.196747433687859546447285
0.000000000000000000433681 0.196747433687859546447285
0.000000000000000000433681 0.196747433687859546447285
0.000000000000000000433681 0.196747433687859546447285
0.000000000000000000433681 0.196747433687859546447285
0.000000000000000000433681 0.196747433687859546447285
0.000000000000000000433681 0.196747433687859546447285
0.000000000000000000433681 0.196747433687859546447285
0.000000000000000000433681 0.196747433687859546447285
0.000000000000000000433681 0.196747433687859546447285
0.000000000000000000433681 0.196747433687859546447285
0.000000000000000000433681 0.196747433687859574202861
0.000000000000000000433681 0.196747433687859574202861
0.000000000000000000433681 0.196747433687859574202861
0.000000000000000000433681 0.196747433687859574202861
0.000000000000000000433681 0.196747433687859574202861
0.000000000000000000433681 0.196747433687859574202861
0.000000000000000000433681 0.196747433687859574202861
0.000000000000000000433681 0.196747433687859574202861
0.000000000000000000433681 0.196747433687859574202861
0.000000000000000000433681 0.196747433687859574202861
0.000000000000000000433681 0.196747433687859574202861
0.000000000000000000433681 0.196747433687859574202861
0.000000000000000000433681 0.196747433687859574202861
0.000000000000000000433681 0.196747433687859574202861
0.000000000000000000433681 0.196747433687859574202861
0.000000000000000000433681 0.196747433687859574202861
0.000000000000000000433681 0.196747433687859574202861
0.000000000000000000433681 0.196747433687859574202861
0.000000000000000000433681 0.196747433687859574202861
0.000000000000000000433681 0.196747433687859574202861
0.000000000000000000433681 0.196747433687859574202861
0.000000000000000000433681 0.196747433687859574202861
0.000000000000000000433681 0.196747433687859574202861
0.000000000000000000433681 0.196747433687859574202861
0.000000000000000000433681 0.196747433687859574202861
0.000000000000000000433681 0.196747433687859574202861
0.000000000000000000433681 0.196747433687859574202861
0.000000000000000000433681 0.196747433687859574202861
0.000000000000000000650521 0.196747433687859601958436
0.000000000000000000650521 0.196747433687859601958436
0.000000000000000000650521 0.196747433687859601958436
0.000000000000000000650521 0.196747433687859601958436
0.000000000000000000650521 0.196747433687859601958436
0.000000000000000000650521 0.196747433687859601958436
0.000000000000000000650521 0.196747433687859601958436
0.000000000000000000650521 0.196747433687859601958436
0.000000000000000000650521 0.196747433687859601958436
0.000000000000000000650521 0.196747433687859601958436
0.000000000000000000650521 0.196747433687859601958436
0.000000000000000000650521 0.196747433687859601958436
0.000000000000000000650521 0.196747433687859601958436
0.000000000000000000650521 0.196747433687859601958436
0.000000000000000000650521 0.196747433687859601958436
0.000000000000000000650521 0.196747433687859601958436
0.000000000000000000650521 0.196747433687859601958436
0.000000000000000000650521 0.196747433687859601958436
0.000000000000000000650521 0.196747433687859601958436
0.000000000000000000650521 0.196747433687859601958436
0.000000000000000000650521 0.196747433687859601958436
0.000000000000000000650521 0.196747433687859601958436
0.000000000000000000650521 0.196747433687859601958436
0.000000000000000000650521 0.196747433687859601958436
0.000000000000000000650521 0.196747433687859601958436
0.000000000000000000650521 0.196747433687859601958436
0.000000000000000000650521 0.196747433687859601958436
0.000000000000000000650521 0.196747433687859601958436
0.000000000000000000867362 0.196747433687859629714012
0.000000000000000000867362 0.196747433687859629714012
0.000000000000000000867362 0.196747433687859629714012
0.000000000000000000867362 0.196747433687859629714012
0.000000000000000000867362 0.196747433687859629714012
0.000000000000000000867362 0.196747433687859629714012
0.000000000000000000867362 0.196747433687859629714012
0.000000000000000000867362 0.196747433687859629714012
0.000000000000000000867362 0.196747433687859629714012
0.000000000000000000867362 0.196747433687859629714012
0.000000000000000000867362 0.196747433687859629714012
0.000000000000000000867362 0.196747433687859629714012
0.000000000000000000867362 0.196747433687859629714012
0.000000000000000000867362 0.196747433687859629714012
0.000000000000000000867362 0.196747433687859629714012
0.000000000000000000867362 0.196747433687859629714012
0.000000000000000000867362 0.196747433687859629714012
0.000000000000000000867362 0.196747433687859629714012
0.000000000000000000867362 0.196747433687859629714012
0.000000000000000000867362 0.196747433687859629714012
0.000000000000000000867362 0.196747433687859629714012
0.000000000000000000867362 0.196747433687859629714012
0.000000000000000000867362 0.196747433687859629714012
0.000000000000000000867362 0.196747433687859629714012
0.000000000000000000867362 0.196747433687859629714012
0.000000000000000000867362 0.196747433687859629714012
0.000000000000000000867362 0.196747433687859629714012
-0.000000000000000000216840 0.196747433687859657469588
-0.000000000000000000216840 0.196747433687859657469588
-0.000000000000000000216840 0.196747433687859657469588
-0.000000000000000000216840 0.196747433687859657469588
-0.000000000000000000216840 0.196747433687859657469588
-0.000000000000000000216840 0.196747433687859657469588
-0.000000000000000000216840 0.196747433687859657469588
-0.000000000000000000216840 0.196747433687859657469588
-0.000000000000000000216840 0.196747433687859657469588
-0.000000000000000000216840 0.196747433687859657469588
-0.000000000000000000216840 0.196747433687859657469588
-0.000000000000000000216840 0.196747433687859657469588
-0.000000000000000000216840 0.196747433687859657469588
-0.000000000000000000216840 0.196747433687859657469588
-0.000000000000000000216840 0.196747433687859657469588
-0.000000000000000000216840 0.196747433687859657469588
-0.000000000000000000216840 0.196747433687859657469588
-0.000000000000000000216840 0.196747433687859657469588
-0.000000000000000000216840 0.196747433687859657469588
-0.000000000000000000216840 0.196747433687859657469588
-0.000000000000000000216840 0.196747433687859657469588
-0.000000000000000000216840 0.196747433687859657469588
-0.000000000000000000216840 0.196747433687859657469588
-0.000000000000000000216840 0.196747433687859657469588
-0.000000000000000000216840 0.196747433687859657469588
-0.000000000000000000216840 0.196747433687859657469588
-0.000000000000000000216840 0.196747433687859657469588
-0.000000000000000000216840 0.196747433687859657469588
0.000000000000000000433681 0.196747433687859685225163
0.000000000000000000433681 0.196747433687859685225163
0.000000000000000000433681 0.196747433687859685225163
0.000000000000000000433681 0.196747433687859685225163
0.000000000000000000433681 0.196747433687859685225163
0.000000000000000000433681 0.196747433687859685225163
0.000000000000000000433681 0.196747433687859685225163
0.000000000000000000433681 0.196747433687859685225163
0.000000000000000000433681 0.196747433687859685225163
0.000000000000000000433681 0.196747433687859685225163
0.000000000000000000433681 0.196747433687859685225163
0.000000000000000000433681 0.196747433687859685225163
0.000000000000000000433681 0.196747433687859685225163
0.000000000000000000433681 0.196747433687859685225163
0.000000000000000000433681 0.196747433687859685225163
0.000000000000000000433681 0.196747433687859685225163
0.000000000000000000433681 0.196747433687859685225163
0.000000000000000000433681 0.196747433687859685225163
0.000000000000000000433681 0.196747433687859685225163
0.000000000000000000433681 0.196747433687859685225163
0.000000000000000000433681 0.196747433687859685225163
0.000000000000000000433681 0.196747433687859685225163
0.000000000000000000433681 0.196747433687859685225163
0.000000000000000000433681 0.196747433687859685225163
0.000000000000000000433681 0.196747433687859685225163
0.000000000000000000433681 0.196747433687859685225163
0.000000000000000000433681 0.196747433687859685225163
0.000000000000000000433681 0.196747433687859685225163
0.000000000000000000433681 0.196747433687859712980739
0.000000000000000000433681 0.196747433687859712980739
0.000000000000000000433681 0.196747433687859712980739
0.000000000000000000433681 0.196747433687859712980739
0.000000000000000000433681 0.196747433687859712980739
0.000000000000000000433681 0.196747433687859712980739
0.000000000000000000433681 0.196747433687859712980739
0.000000000000000000433681 0.196747433687859712980739
0.000000000000000000433681 0.196747433687859712980739
0.000000000000000000433681 0.196747433687859712980739
0.000000000000000000433681 0.196747433687859712980739
0.000000000000000000433681 0.196747433687859712980739
0.000000000000000000433681 0.196747433687859712980739
0.000000000000000000433681 0.196747433687859712980739
0.000000000000000000433681 0.196747433687859712980739
0.000000000000000000433681 0.196747433687859712980739
0.000000000000000000433681 0.196747433687859712980739
0.000000000000000000433681 0.196747433687859712980739
0.000000000000000000433681 0.196747433687859712980739
0.000000000000000000433681 0.196747433687859712980739
0.000000000000000000433681 0.196747433687859712980739
0.000000000000000000433681 0.196747433687859712980739
0.000000000000000000433681 0.196747433687859712980739
0.000000000000000000433681 0.196747433687859712980739
0.000000000000000000433681 0.196747433687859712980739
0.000000000000000000433681 0.196747433687859712980739
0.000000000000000000433681 0.196747433687859712980739
0.000000000000000000433681 0.196747433687859712980739
0.000000000000000001084202 0.196747433687859740736315
0.000000000000000001084202 0.196747433687859740736315
0.000000000000000001084202 0.196747433687859740736315
0.000000000000000001084202 0.196747433687859740736315
0.000000000000000001084202 0.196747433687859740736315
0.000000000000000001084202 0.196747433687859740736315
0.000000000000000001084202 0.196747433687859740736315
0.000000000000000001084202 0.196747433687859740736315
0.000000000000000001084202 0.196747433687859740736315
0.000000000000000001084202 0.196747433687859740736315
0.000000000000000001084202 0.196747433687859740736315
0.000000000000000001084202 0.196747433687859740736315
0.000000000000000001084202 0.196747433687859740736315
0.000000000000000001084202 0.196747433687859740736315
0.000000000000000001084202 0.196747433687859740736315
0.000000000000000001084202 0.196747433687859740736315
0.000000000000000001084202 0.196747433687859740736315
0.000000000000000001084202 0.196747433687859740736315
0.000000000000000001084202 0.196747433687859740736315
0.000000000000000001084202 0.196747433687859740736315
0.000000000000000001084202 0.196747433687859740736315
0.000000000000000001084202 0.196747433687859740736315
0.000000000000000001084202 0.196747433687859740736315
0.000000000000000001084202 0.196747433687859740736315
0.000000000000000001084202 0.196747433687859740736315
0.000000000000000001084202 0.196747433687859740736315
0.000000000000000001084202 0.196747433687859740736315
0.000000000000000001084202 0.196747433687859768491890
0.000000000000000001084202 0.196747433687859768491890
0.000000000000000001084202 0.196747433687859768491890
0.000000000000000001084202 0.196747433687859768491890
0.000000000000000001084202 0.196747433687859768491890
0.000000000000000001084202 0.196747433687859768491890
0.000000000000000001084202 0.196747433687859768491890
0.000000000000000001084202 0.196747433687859768491890
0.000000000000000001084202 0.196747433687859768491890
0.000000000000000001084202 0.196747433687859768491890
0.000000000000000001084202 0.196747433687859768491890
0.000000000000000001084202 0.196747433687859768491890
0.000000000000000001084202 0.196747433687859768491890
0.000000000000000001084202 0.196747433687859768491890
0.000000000000000001084202 0.196747433687859768491890
0.000000000000000001084202 0.196747433687859768491890
0.000000000000000001084202 0.196747433687859768491890
0.000000000000000001084202 0.196747433687859768491890
0.000000000000000001084202 0.196747433687859768491890
0.000000000000000001084202 0.196747433687859768491890
0.000000000000000001084202 0.196747433687859768491890
0.000000000000000001084202 0.196747433687859768491890
0.000000000000000001084202 0.196747433687859768491890
0.000000000000000001084202 0.196747433687859768491890
0.000000000000000001084202 0.196747433687859768491890
0.000000000000000001084202 0.196747433687859768491890
0.000000000000000001084202 0.196747433687859768491890
0.000000000000000001084202 0.196747433687859768491890
0.000000000000000001301043 0.196747433687859796247466
0.000000000000000001301043 0.196747433687859796247466
0.000000000000000001301043 0.196747433687859796247466
0.000000000000000001301043 0.196747433687859796247466
0.000000000000000001301043 0.196747433687859796247466
0.000000000000000001301043 0.196747433687859796247466
0.000000000000000001301043 0.196747433687859796247466
0.000000000000000001301043 0.196747433687859796247466
0.000000000000000001301043 0.196747433687859796247466
0.000000000000000001301043 0.196747433687859796247466
0.000000000000000001301043 0.196747433687859796247466
0.000000000000000001301043 0.196747433687859796247466
0.000000000000000001301043 0.196747433687859796247466
0.000000000000000001301043 0.196747433687859796247466
0.000000000000000001301043 0.196747433687859796247466
0.000000000000000001301043 0.196747433687859796247466
0.000000000000000001301043 0.196747433687859796247466
0.000000000000000001301043 0.196747433687859796247466
0.000000000000000001301043 0.196747433687859796247466
0.000000000000000001301043 0.196747433687859796247466
0.000000000000000001301043 0.196747433687859796247466
0.000000000000000001301043 0.196747433687859796247466
0.000000000000000001301043 0.196747433687859796247466
0.000000000000000001301043 0.196747433687859796247466
0.000000000000000001301043 0.196747433687859796247466
0.000000000000000001301043 0.196747433687859796247466
0.000000000000000001301043 0.196747433687859796247466
0.000000000000000001301043 0.196747433687859796247466
0.000000000000000000216840 0.196747433687859824003041
0.000000000000000000216840 0.196747433687859824003041
0.000000000000000000216840 0.196747433687859824003041
0.000000000000000000216840 0.196747433687859824003041
0.000000000000000000216840 0.196747433687859824003041
0.000000000000000000216840 0.196747433687859824003041
0.000000000000000000216840 0.196747433687859824003041
0.000000000000000000216840 0.196747433687859824003041
0.000000000000000000216840 0.196747433687859824003041
0.000000000000000000216840 0.196747433687859824003041
0.000000000000000000216840 0.196747433687859824003041
0.000000000000000000216840 0.196747433687859824003041
0.000000000000000000216840 0.196747433687859824003041
0.000000000000000000216840 0.196747433687859824003041
0.000000000000000000216840 0.196747433687859824003041
0.000000000000000000216840 0.196747433687859824003041
0.000000000000000000216840 0.196747433687859824003041
0.000000000000000000216840 0.196747433687859824003041
0.000000000000000000216840 0.196747433687859824003041
0.000000000000000000216840 0.196747433687859824003041
0.000000000000000000216840 0.196747433687859824003041
0.000000000000000000216840 0.196747433687859824003041
0.000000000000000000216840 0.196747433687859824003041
0.000000000000000000216840 0.196747433687859824003041
0.000000000000000000216840 0.196747433687859824003041
0.000000000000000000216840 0.196747433687859824003041
0.000000000000000000216840 0.196747433687859824003041
0.000000000000000000216840 0.196747433687859824003041
0.000000000000000000650521 0.196747433687859851758617
0.000000000000000000650521 0.196747433687859851758617
0.000000000000000000650521 0.196747433687859851758617
0.000000000000000000650521 0.196747433687859851758617
0.000000000000000000650521 0.196747433687859851758617
0.000000000000000000650521 0.196747433687859851758617
0.000000000000000000650521 0.196747433687859851758617
0.000000000000000000650521 0.196747433687859851758617
0.000000000000000000650521 0.196747433687859851758617
0.000000000000000000650521 0.196747433687859851758617
0.000000000000000000650521 0.196747433687859851758617
0.000000000000000000650521 0.196747433687859851758617
0.000000000000000000650521 0.196747433687859851758617
0.000000000000000000650521 0.196747433687859851758617
0.000000000000000000650521 0.196747433687859851758617
0.000000000000000000650521 0.196747433687859851758617
0.000000000000000000650521 0.196747433687859851758617
0.000000000000000000650521 0.196747433687859851758617
0.000000000000000000650521 0.196747433687859851758617
0.000000000000000000650521 0.196747433687859851758617
0.000000000000000000650521 0.196747433687859851758617
0.000000000000000000650521 0.196747433687859851758617
0.000000000000000000650521 0.196747433687859851758617
0.000000000000000000650521 0.196747433687859851758617
0.000000000000000000650521 0.196747433687859851758617
0.000000000000000000650521 0.196747433687859851758617
0.000000000000000000650521 0.196747433687859851758617
0.000000000000000000650521 0.196747433687859851758617
0.000000000000000000867362 0.196747433687859879514193
0.000000000000000000867362 0.196747433687859879514193
0.000000000000000000867362 0.196747433687859879514193
0.000000000000000000867362 0.196747433687859879514193
0.000000000000000000867362 0.196747433687859879514193
0.000000000000000000867362 0.196747433687859879514193
0.000000000000000000867362 0.196747433687859879514193
0.000000000000000000867362 0.196747433687859879514193
0.000000000000000000867362 0.196747433687859879514193
0.000000000000000000867362 0.196747433687859879514193
0.000000000000000000867362 0.196747433687859879514193
0.000000000000000000867362 0.196747433687859879514193
0.000000000000000000867362 0.196747433687859879514193
0.000000000000000000867362 0.196747433687859879514193
0.000000000000000000867362 0.196747433687859879514193
0.000000000000000000867362 0.196747433687859879514193
0.000000000000000000867362 0.196747433687859879514193
0.000000000000000000867362 0.196747433687859879514193
0.000000000000000000867362 0.196747433687859879514193
0.000000000000000000867362 0.196747433687859879514193
0.000000000000000000867362 0.196747433687859879514193
0.000000000000000000867362 0.196747433687859879514193
0.000000000000000000867362 0.196747433687859879514193
0.000000000000000000867362 0.196747433687859879514193
0.000000000000000000867362 0.196747433687859879514193
0.000000000000000000867362 0.196747433687859879514193
0.000000000000000000867362 0.196747433687859879514193
0.000000000000000000867362 0.196747433687859907269768
0.000000000000000000867362 0.196747433687859907269768
0.000000000000000000867362 0.196747433687859907269768
0.000000000000000000867362 0.196747433687859907269768
0.000000000000000000867362 0.196747433687859907269768
0.000000000000000000867362 0.196747433687859907269768
0.000000000000000000867362 0.196747433687859907269768
0.000000000000000000867362 0.196747433687859907269768
0.000000000000000000867362 0.196747433687859907269768
0.000000000000000000867362 0.196747433687859907269768
0.000000000000000000867362 0.196747433687859907269768
0.000000000000000000867362 0.196747433687859907269768
0.000000000000000000867362 0.196747433687859907269768
0.000000000000000000867362 0.196747433687859907269768
0.000000000000000000867362 0.196747433687859907269768
0.000000000000000000867362 0.196747433687859907269768
0.000000000000000000867362 0.196747433687859907269768
0.000000000000000000867362 0.196747433687859907269768
0.000000000000000000867362 0.196747433687859907269768
0.000000000000000000867362 0.196747433687859907269768
0.000000000000000000867362 0.196747433687859907269768
0.000000000000000000867362 0.196747433687859907269768
0.000000000000000000867362 0.196747433687859907269768
0.000000000000000000867362 0.196747433687859907269768
0.000000000000000000867362 0.196747433687859907269768
0.000000000000000000867362 0.196747433687859907269768
0.000000000000000000867362 0.196747433687859907269768
0.000000000000000000867362 0.196747433687859907269768
0.000000000000000001517883 0.196747433687859935025344
0.000000000000000001517883 0.196747433687859935025344
0.000000000000000001517883 0.196747433687859935025344
0.000000000000000001517883 0.196747433687859935025344
0.000000000000000001517883 0.196747433687859935025344
0.000000000000000001517883 0.196747433687859935025344
0.000000000000000001517883 0.196747433687859935025344
0.000000000000000001517883 0.196747433687859935025344
0.000000000000000001517883 0.196747433687859935025344
0.000000000000000001517883 0.196747433687859935025344
0.000000000000000001517883 0.196747433687859935025344
0.000000000000000001517883 0.196747433687859935025344
0.000000000000000001517883 0.196747433687859935025344
0.000000000000000001517883 0.196747433687859935025344
0.000000000000000001517883 0.196747433687859935025344
0.000000000000000001517883 0.196747433687859935025344
0.000000000000000001517883 0.196747433687859935025344
0.000000000000000001517883 0.196747433687859935025344
0.000000000000000001517883 0.196747433687859935025344
0.000000000000000001517883 0.196747433687859935025344
0.000000000000000001517883 0.196747433687859935025344
0.000000000000000001517883 0.196747433687859935025344
0.000000000000000001517883 0.196747433687859935025344
0.000000000000000001517883 0.196747433687859935025344
0.000000000000000001517883 0.196747433687859935025344
0.000000000000000001517883 0.196747433687859935025344
0.000000000000000001517883 0.196747433687859935025344
0.000000000000000001517883 0.196747433687859935025344
0.000000000000000000650521 0.196747433687859962780919
0.000000000000000000650521 0.196747433687859962780919
0.000000000000000000650521 0.196747433687859962780919
0.000000000000000000650521 0.196747433687859962780919
0.000000000000000000650521 0.196747433687859962780919
0.000000000000000000650521 0.196747433687859962780919
0.000000000000000000650521 0.196747433687859962780919
0.000000000000000000650521 0.196747433687859962780919
0.000000000000000000650521 0.196747433687859962780919
0.000000000000000000650521 0.196747433687859962780919
0.000000000000000000650521 0.196747433687859962780919
0.000000000000000000650521 0.196747433687859962780919
0.000000000000000000650521 0.196747433687859962780919
0.000000000000000000650521 0.196747433687859962780919
0.000000000000000000650521 0.196747433687859962780919
0.000000000000000000650521 0.196747433687859962780919
0.000000000000000000650521 0.196747433687859962780919
0.000000000000000000650521 0.196747433687859962780919
0.000000000000000000650521 0.196747433687859962780919
0.000000000000000000650521 0.196747433687859962780919
0.000000000000000000650521 0.196747433687859962780919
0.000000000000000000650521 0.196747433687859962780919
0.000000000000000000650521 0.196747433687859962780919
0.000000000000000000650521 0.196747433687859962780919
0.000000000000000000650521 0.196747433687859962780919
0.000000000000000000650521 0.196747433687859962780919
0.000000000000000000650521 0.196747433687859962780919
0.000000000000000000650521 0.196747433687859962780919
0.000000000000000000650521 0.196747433687859990536495
0.000000000000000000650521 0.196747433687859990536495
0.000000000000000000650521 0.196747433687859990536495
0.000000000000000000650521 0.196747433687859990536495
0.000000000000000000650521 0.196747433687859990536495
0.000000000000000000650521 0.196747433687859990536495
0.000000000000000000650521 0.196747433687859990536495
0.000000000000000000650521 0.196747433687859990536495
0.000000000000000000650521 0.196747433687859990536495
0.000000000000000000650521 0.196747433687859990536495
0.000000000000000000650521 0.196747433687859990536495
0.000000000000000000650521 0.196747433687859990536495
0.000000000000000000650521 0.196747433687859990536495
0.000000000000000000650521 0.196747433687859990536495
0.000000000000000000650521 0.196747433687859990536495
0.000000000000000000650521 0.196747433687859990536495
0.000000000000000000650521 0.196747433687859990536495
0.000000000000000000650521 0.196747433687859990536495
0.000000000000000000650521 0.196747433687859990536495
0.000000000000000000650521 0.196747433687859990536495
0.000000000000000000650521 0.196747433687859990536495
0.000000000000000000650521 0.196747433687859990536495
0.000000000000000000650521 0.196747433687859990536495
0.000000000000000000650521 0.196747433687859990536495
0.000000000000000000650521 0.196747433687859990536495
0.000000000000000000650521 0.196747433687859990536495
0.000000000000000000650521 0.196747433687859990536495
0.000000000000000000867362 0.196747433687860018292071
0.000000000000000000867362 0.196747433687860018292071
0.000000000000000000867362 0.196747433687860018292071
0.000000000000000000867362 0.196747433687860018292071
0.000000000000000000867362 0.196747433687860018292071
0.000000000000000000867362 0.196747433687860018292071
0.000000000000000000867362 0.196747433687860018292071
0.000000000000000000867362 0.196747433687860018292071
0.000000000000000000867362 0.196747433687860018292071
0.000000000000000000867362 0.196747433687860018292071
0.000000000000000000867362 0.196747433687860018292071
0.000000000000000000867362 0.196747433687860018292071
0.000000000000000000867362 0.196747433687860018292071
0.000000000000000000867362 0.196747433687860018292071
0.000000000000000000867362 0.196747433687860018292071
0.000000000000000000867362 0.196747433687860018292071
0.000000000000000000867362 0.196747433687860018292071
0.000000000000000000867362 0.196747433687860018292071
0.000000000000000000867362 0.196747433687860018292071
0.000000000000000000867362 0.196747433687860018292071
0.000000000000000000867362 0.196747433687860018292071
0.000000000000000000867362 0.196747433687860018292071
0.000000000000000000867362 0.196747433687860018292071
0.000000000000000000867362 0.196747433687860018292071
0.000000000000000000867362 0.196747433687860018292071
0.000000000000000000867362 0.196747433687860018292071
0.000000000000000000867362 0.196747433687860018292071
0.000000000000000000867362 0.196747433687860018292071
0.000000000000000001301043 0.196747433687860046047646
0.000000000000000001301043 0.196747433687860046047646
0.000000000000000001301043 0.196747433687860046047646
0.000000000000000001301043 0.196747433687860046047646
0.000000000000000001301043 0.196747433687860046047646
0.000000000000000001301043 0.196747433687860046047646
0.000000000000000001301043 0.196747433687860046047646
0.000000000000000001301043 0.196747433687860046047646
0.000000000000000001301043 0.196747433687860046047646
0.000000000000000001301043 0.196747433687860046047646
0.000000000000000001301043 0.196747433687860046047646
0.000000000000000001301043 0.196747433687860046047646
0.000000000000000001301043 0.196747433687860046047646
0.000000000000000001301043 0.196747433687860046047646
0.000000000000000001301043 0.196747433687860046047646
0.000000000000000001301043 0.196747433687860046047646
0.000000000000000001301043 0.196747433687860046047646
0.000000000000000001301043 0.196747433687860046047646
0.000000000000000001301043 0.196747433687860046047646
0.000000000000000001301043 0.196747433687860046047646
0.000000000000000001301043 0.196747433687860046047646
0.000000000000000001301043 0.196747433687860046047646
0.000000000000000001301043 0.196747433687860046047646
0.000000000000000001301043 0.196747433687860046047646
0.000000000000000001301043 0.196747433687860046047646
0.000000000000000001301043 0.196747433687860046047646
0.000000000000000001301043 0.196747433687860046047646
0.000000000000000001301043 0.196747433687860046047646
0.000000000000000001517883 0.196747433687860073803222
0.000000000000000001517883 0.196747433687860073803222
0.000000000000000001517883 0.196747433687860073803222
0.000000000000000001517883 0.196747433687860073803222
0.000000000000000001517883 0.196747433687860073803222
0.000000000000000001517883 0.196747433687860073803222
0.000000000000000001517883 0.196747433687860073803222
0.000000000000000001517883 0.196747433687860073803222
0.000000000000000001517883 0.196747433687860073803222
0.000000000000000001517883 0.196747433687860073803222
0.000000000000000001517883 0.196747433687860073803222
0.000000000000000001517883 0.196747433687860073803222
0.000000000000000001517883 0.196747433687860073803222
0.000000000000000001517883 0.196747433687860073803222
0.000000000000000001517883 0.196747433687860073803222
0.000000000000000001517883 0.196747433687860073803222
0.000000000000000001517883 0.196747433687860073803222
0.000000000000000001517883 0.196747433687860073803222
0.000000000000000001517883 0.196747433687860073803222
0.000000000000000001517883 0.196747433687860073803222
0.000000000000000001517883 0.196747433687860073803222
0.000000000000000001517883 0.196747433687860073803222
0.000000000000000001517883 0.196747433687860073803222
0.000000000000000001517883 0.196747433687860073803222
0.000000000000000001517883 0.196747433687860073803222
0.000000000000000001517883 0.196747433687860073803222
0.000000000000000001517883 0.196747433687860073803222
0.000000000000000001517883 0.196747433687860073803222
0.000000000000000000433681 0.196747433687860101558798
0.000000000000000000433681 0.196747433687860101558798
0.000000000000000000433681 0.196747433687860101558798
0.000000000000000000433681 0.196747433687860101558798
0.000000000000000000433681 0.196747433687860101558798
0.000000000000000000433681 0.196747433687860101558798
0.000000000000000000433681 0.196747433687860101558798
0.000000000000000000433681 0.196747433687860101558798
0.000000000000000000433681 0.196747433687860101558798
0.000000000000000000433681 0.196747433687860101558798
0.000000000000000000433681 0.196747433687860101558798
0.000000000000000000433681 0.196747433687860101558798
0.000000000000000000433681 0.196747433687860101558798
0.000000000000000000433681 0.196747433687860101558798
0.000000000000000000433681 0.196747433687860101558798
0.000000000000000000433681 0.196747433687860101558798
0.000000000000000000433681 0.196747433687860101558798
0.000000000000000000433681 0.196747433687860101558798
0.000000000000000000433681 0.196747433687860101558798
0.000000000000000000433681 0.196747433687860101558798
0.000000000000000000433681 0.196747433687860101558798
0.000000000000000000433681 0.196747433687860101558798
0.000000000000000000433681 0.196747433687860101558798
0.000000000000000000433681 0.196747433687860101558798
0.000000000000000000433681 0.196747433687860101558798
0.000000000000000000433681 0.196747433687860101558798
0.000000000000000000433681 0.196747433687860101558798
0.000000000000000000433681 0.196747433687860101558798
0.000000000000000000650521 0.196747433687860129314373
0.000000000000000000650521 0.196747433687860129314373
0.000000000000000000650521 0.196747433687860129314373
0.000000000000000000650521 0.196747433687860129314373
0.000000000000000000650521 0.196747433687860129314373
0.000000000000000000650521 0.196747433687860129314373
0.000000000000000000650521 0.196747433687860129314373
0.000000000000000000650521 0.196747433687860129314373
0.000000000000000000650521 0.196747433687860129314373
0.000000000000000000650521 0.196747433687860129314373
0.000000000000000000650521 0.196747433687860129314373
0.000000000000000000650521 0.196747433687860129314373
0.000000000000000000650521 0.196747433687860129314373
0.000000000000000000650521 0.196747433687860129314373
0.000000000000000000650521 0.196747433687860129314373
0.000000000000000000650521 0.196747433687860129314373
0.000000000000000000650521 0.196747433687860129314373
0.000000000000000000650521 0.196747433687860129314373
0.000000000000000000650521 0.196747433687860129314373
0.000000000000000000650521 0.196747433687860129314373
0.000000000000000000650521 0.196747433687860129314373
0.000000000000000000650521 0.196747433687860129314373
0.000000000000000000650521 0.196747433687860129314373
0.000000000000000000650521 0.196747433687860129314373
0.000000000000000000650521 0.196747433687860129314373
0.000000000000000000650521 0.196747433687860129314373
0.000000000000000000650521 0.196747433687860129314373
0.000000000000000000650521 0.196747433687860157069949
0.000000000000000000650521 0.196747433687860157069949
0.000000000000000000650521 0.196747433687860157069949
0.000000000000000000650521 0.196747433687860157069949
0.000000000000000000650521 0.196747433687860157069949
0.000000000000000000650521 0.196747433687860157069949
0.000000000000000000650521 0.196747433687860157069949
0.000000000000000000650521 0.196747433687860157069949
0.000000000000000000650521 0.196747433687860157069949
0.000000000000000000650521 0.196747433687860157069949
0.000000000000000000650521 0.196747433687860157069949
0.000000000000000000650521 0.196747433687860157069949
0.000000000000000000650521 0.196747433687860157069949
0.000000000000000000650521 0.196747433687860157069949
0.000000000000000000650521 0.196747433687860157069949
0.000000000000000000650521 0.196747433687860157069949
0.000000000000000000650521 0.196747433687860157069949
0.000000000000000000650521 0.196747433687860157069949
0.000000000000000000650521 0.196747433687860157069949
0.000000000000000000650521 0.196747433687860157069949
0.000000000000000000650521 0.196747433687860157069949
0.000000000000000000650521 0.196747433687860157069949
0.000000000000000000650521 0.196747433687860157069949
0.000000000000000000650521 0.196747433687860157069949
0.000000000000000000650521 0.196747433687860157069949
0.000000000000000000650521 0.196747433687860157069949
0.000000000000000000650521 0.196747433687860157069949
0.000000000000000000650521 0.196747433687860157069949
0.000000000000000001084202 0.196747433687860184825524
0.000000000000000001084202 0.196747433687860184825524
0.000000000000000001084202 0.196747433687860184825524
0.000000000000000001084202 0.196747433687860184825524
0.000000000000000001084202 0.196747433687860184825524
0.000000000000000001084202 0.196747433687860184825524
0.000000000000000001084202 0.196747433687860184825524
0.000000000000000001084202 0.196747433687860184825524
0.000000000000000001084202 0.196747433687860184825524
0.000000000000000001084202 0.196747433687860184825524
0.000000000000000001084202 0.196747433687860184825524
0.000000000000000001084202 0.196747433687860184825524
0.000000000000000001084202 0.196747433687860184825524
0.000000000000000001084202 0.196747433687860184825524
0.000000000000000001084202 0.196747433687860184825524
0.000000000000000001084202 0.196747433687860184825524
0.000000000000000001084202 0.196747433687860184825524
0.000000000000000001084202 0.196747433687860184825524
0.000000000000000001084202 0.196747433687860184825524
0.000000000000000001084202 0.196747433687860184825524
0.000000000000000001084202 0.196747433687860184825524
0.000000000000000001084202 0.196747433687860184825524
0.000000000000000001084202 0.196747433687860184825524
0.000000000000000001084202 0.196747433687860184825524
0.000000000000000001084202 0.196747433687860184825524
0.000000000000000001084202 0.196747433687860184825524
0.000000000000000001084202 0.196747433687860184825524
0.000000000000000001084202 0.196747433687860184825524
0.000000000000000001301043 0.196747433687860212581100
0.000000000000000001301043 0.196747433687860212581100
0.000000000000000001301043 0.196747433687860212581100
0.000000000000000001301043 0.196747433687860212581100
0.000000000000000001301043 0.196747433687860212581100
0.000000000000000001301043 0.196747433687860212581100
0.000000000000000001301043 0.196747433687860212581100
0.000000000000000001301043 0.196747433687860212581100
0.000000000000000001301043 0.196747433687860212581100
0.000000000000000001301043 0.196747433687860212581100
0.000000000000000001301043 0.196747433687860212581100
0.000000000000000001301043 0.196747433687860212581100
0.000000000000000001301043 0.196747433687860212581100
0.000000000000000001301043 0.196747433687860212581100
0.000000000000000001301043 0.196747433687860212581100
0.000000000000000001301043 0.196747433687860212581100
0.000000000000000001301043 0.196747433687860212581100
0.000000000000000001301043 0.196747433687860212581100
0.000000000000000001301043 0.196747433687860212581100
0.000000000000000001301043 0.196747433687860212581100
0.000000000000000001301043 0.196747433687860212581100
0.000000000000000001301043 0.196747433687860212581100
0.000000000000000001301043 0.196747433687860212581100
0.000000000000000001301043 0.196747433687860212581100
0.000000000000000001301043 0.196747433687860212581100
0.000000000000000001301043 0.196747433687860212581100
0.000000000000000001301043 0.196747433687860212581100
0.000000000000000001301043 0.196747433687860212581100
0.000000000000000000433681 0.196747433687860240336676
0.000000000000000000433681 0.196747433687860240336676
0.000000000000000000433681 0.196747433687860240336676
0.000000000000000000433681 0.196747433687860240336676
0.000000000000000000433681 0.196747433687860240336676
0.000000000000000000433681 0.196747433687860240336676
0.000000000000000000433681 0.196747433687860240336676
0.000000000000000000433681 0.196747433687860240336676
0.000000000000000000433681 0.196747433687860240336676
0.000000000000000000433681 0.196747433687860240336676
0.000000000000000000433681 0.196747433687860240336676
0.000000000000000000433681 0.196747433687860240336676
0.000000000000000000433681 0.196747433687860240336676
0.000000000000000000433681 0.196747433687860240336676
