0.000000000000000000216840 0.203322611402289826765255
0.000000000000000000216840 0.203322611402289826765255
-0.000000000000000000867362 0.203322611402289854520831
-0.000000000000000000867362 0.203322611402289854520831
-0.000000000000000000867362 0.203322611402289854520831
-0.000000000000000000650521 0.203322611402289882276406
-0.000000000000000000650521 0.203322611402289882276406
-0.000000000000000000216840 0.203322611402289910031982
-0.000000000000000000216840 0.203322611402289910031982
-0.000000000000000000216840 0.203322611402289910031982
0.000000000000000000216840 0.203322611402289937787558
0.000000000000000000216840 0.203322611402289937787558
0.000000000000000000216840 0.203322611402289937787558
-0.000000000000000000867362 0.203322611402289965543133
-0.000000000000000000867362 0.203322611402289965543133
-0.000000000000000000867362 0.203322611402289965543133
-0.000000000000000000867362 0.203322611402289993298709
-0.000000000000000000867362 0.203322611402289993298709
-0.000000000000000000867362 0.203322611402289993298709
-0.000000000000000000433681 0.203322611402290021054284
-0.000000000000000000433681 0.203322611402290021054284
-0.000000000000000000216840 0.203322611402290048809860
-0.000000000000000000216840 0.203322611402290048809860
-0.000000000000000000216840 0.203322611402290048809860
-0.000000000000000001517883 0.203322611402290076565436
-0.000000000000000001517883 0.203322611402290076565436
-0.000000000000000001517883 0.203322611402290076565436
-0.000000000000000000650521 0.203322611402290104321011
-0.000000000000000000650521 0.203322611402290104321011
-0.000000000000000000650521 0.203322611402290104321011
-0.000000000000000000433681 0.203322611402290132076587
-0.000000000000000000433681 0.203322611402290132076587
-0.000000000000000000216840 0.203322611402290159832162
-0.000000000000000000216840 0.203322611402290159832162
-0.000000000000000000216840 0.203322611402290159832162
-0.000000000000000001301043 0.203322611402290187587738
-0.000000000000000001301043 0.203322611402290187587738
-0.000000000000000001301043 0.203322611402290187587738
-0.000000000000000001084202 0.203322611402290215343314
-0.000000000000000001084202 0.203322611402290215343314
-0.000000000000000001084202 0.203322611402290215343314
-0.000000000000000000433681 0.203322611402290243098889
-0.000000000000000000433681 0.203322611402290243098889
-0.000000000000000000433681 0.203322611402290243098889
-0.000000000000000000216840 0.203322611402290270854465
-0.000000000000000000216840 0.203322611402290270854465
-0.000000000000000001301043 0.203322611402290298610041
-0.000000000000000001301043 0.203322611402290298610041
-0.000000000000000001301043 0.203322611402290298610041
-0.000000000000000000867362 0.203322611402290326365616
-0.000000000000000000867362 0.203322611402290326365616
-0.000000000000000000867362 0.203322611402290326365616
-0.000000000000000000867362 0.203322611402290354121192
-0.000000000000000000867362 0.203322611402290354121192
-0.000000000000000000867362 0.203322611402290354121192
-0.000000000000000000433681 0.203322611402290381876767
-0.000000000000000000433681 0.203322611402290381876767
-0.000000000000000001517883 0.203322611402290409632343
-0.000000000000000001517883 0.203322611402290409632343
-0.000000000000000001517883 0.203322611402290409632343
-0.000000000000000001517883 0.203322611402290437387919
-0.000000000000000001517883 0.203322611402290437387919
-0.000000000000000001517883 0.203322611402290437387919
-0.000000000000000000650521 0.203322611402290465143494
-0.000000000000000000650521 0.203322611402290465143494
-0.000000000000000000650521 0.203322611402290465143494
-0.000000000000000000433681 0.203322611402290492899070
-0.000000000000000000433681 0.203322611402290492899070
-0.000000000000000000433681 0.203322611402290492899070
-0.000000000000000001517883 0.203322611402290520654645
-0.000000000000000001517883 0.203322611402290520654645
-0.000000000000000001301043 0.203322611402290548410221
-0.000000000000000001301043 0.203322611402290548410221
-0.000000000000000001301043 0.203322611402290548410221
-0.000000000000000001084202 0.203322611402290576165797
-0.000000000000000001084202 0.203322611402290576165797
-0.000000000000000001084202 0.203322611402290576165797
-0.000000000000000000433681 0.203322611402290603921372
-0.000000000000000000433681 0.203322611402290603921372
-0.000000000000000000433681 0.203322611402290603921372
-0.000000000000000000216840 0.203322611402290631676948
-0.000000000000000000216840 0.203322611402290631676948
-0.000000000000000001301043 0.203322611402290659432524
-0.000000000000000001301043 0.203322611402290659432524
-0.000000000000000001301043 0.203322611402290659432524
-0.000000000000000000867362 0.203322611402290687188099
-0.000000000000000000867362 0.203322611402290687188099
-0.000000000000000000867362 0.203322611402290687188099
-0.000000000000000000867362 0.203322611402290714943675
-0.000000000000000000867362 0.203322611402290714943675
-0.000000000000000000867362 0.203322611402290714943675
-0.000000000000000000216840 0.203322611402290742699250
-0.000000000000000000216840 0.203322611402290742699250
-0.000000000000000000216840 0.203322611402290742699250
-0.000000000000000001517883 0.203322611402290770454826
-0.000000000000000001517883 0.203322611402290770454826
-0.000000000000000001084202 0.203322611402290798210402
-0.000000000000000001084202 0.203322611402290798210402
-0.000000000000000001084202 0.203322611402290798210402
-0.000000000000000000650521 0.203322611402290825965977
-0.000000000000000000650521 0.203322611402290825965977
