0.000000000000000011492543 0.203322611402272007685710
0.000000000000000011926224 0.203322611402273006886432
0.000000000000000010408341 0.203322611402273978331579
0.000000000000000009757820 0.203322611402274977532301
0.000000000000000008456777 0.203322611402275976733023
0.000000000000000008890458 0.203322611402276948178169
0.000000000000000007589415 0.203322611402277947378892
0.000000000000000006722053 0.203322611402278946579614
0.000000000000000006722053 0.203322611402279918024760
0.000000000000000005854692 0.203322611402280917225482
0.000000000000000004987330 0.203322611402281916426205
0.000000000000000004770490 0.203322611402282887871351
0.000000000000000004119968 0.203322611402283887072073
0.000000000000000002818926 0.203322611402284886272795
0.000000000000000003252607 0.203322611402285857717942
0.000000000000000002168404 0.203322611402286856918664
0.000000000000000001084202 0.203322611402287856119386
-0.000000000000000000433681 0.203322611402288827564533
0.000000000000000000216840 0.203322611402289826765255
-0.000000000000000000650521 0.203322611402290825965977
-0.000000000000000002168404 0.203322611402291797411124
-0.000000000000000003035766 0.203322611402292796611846
-0.000000000000000002602085 0.203322611402293795812568
-0.000000000000000003903128 0.203322611402294767257715
-0.000000000000000004987330 0.203322611402295766458437
-0.000000000000000004336809 0.203322611402296765659159
-0.000000000000000005854692 0.203322611402297737104305
-0.000000000000000006938894 0.203322611402298736305028
-0.000000000000000007806256 0.203322611402299735505750
-0.000000000000000007589415 0.203322611402300706950896
-0.000000000000000008673617 0.203322611402301706151619
-0.000000000000000009757820 0.203322611402302705352341
-0.000000000000000009540979 0.203322611402303676797487
-0.000000000000000010625181 0.203322611402304675998209
-0.000000000000000011709383 0.203322611402305675198932
-0.000000000000000011492543 0.203322611402306646644078
-0.000000000000000012359905 0.203322611402307645844800
-0.000000000000000013444107 0.203322611402308645045522
-0.000000000000000013227267 0.203322611402309616490669
-0.000000000000000014311469 0.203322611402310615691391
-0.000000000000000015395671 0.203322611402311614892113
-0.000000000000000016696713 0.203322611402312586337260
-0.000000000000000016263033 0.203322611402313585537982
-0.000000000000000017130394 0.203322611402314584738704
-0.000000000000000018648277 0.203322611402315556183851
-0.000000000000000017997756 0.203322611402316555384573
-0.000000000000000019081958 0.203322611402317554585295
-0.000000000000000020383001 0.203322611402318526030442
-0.000000000000000021467203 0.203322611402319525231164
-0.000000000000000021033522 0.203322611402320524431886
-0.000000000000000022334565 0.203322611402321495877032
-0.000000000000000023201926 0.203322611402322495077755
-0.000000000000000022768246 0.203322611402323494278477
-0.000000000000000023852448 0.203322611402324493479199
-0.000000000000000025153490 0.203322611402325464924346
-0.000000000000000026454533 0.203322611402326464125068
-0.000000000000000025587171 0.203322611402327463325790
-0.000000000000000027105054 0.203322611402328434770936
-0.000000000000000027972416 0.203322611402329433971659
-0.000000000000000027538735 0.203322611402330433172381
-0.000000000000000029056618 0.203322611402331404617527
-0.000000000000000029923980 0.203322611402332403818249
-0.000000000000000031008182 0.203322611402333403018972
-0.000000000000000030791342 0.203322611402334374464118
-0.000000000000000031875544 0.203322611402335373664840
-0.000000000000000032742906 0.203322611402336372865562
-0.000000000000000032526065 0.203322611402337344310709
-0.000000000000000033610267 0.203322611402338343511431
-0.000000000000000034477629 0.203322611402339342712153
-0.000000000000000034694470 0.203322611402340314157300
-0.000000000000000035561831 0.203322611402341313358022
-0.000000000000000036429193 0.203322611402342312558744
-0.000000000000000036429193 0.203322611402343284003891
-0.000000000000000037079714 0.203322611402344283204613
-0.000000000000000038380757 0.203322611402345282405335
-0.000000000000000039681800 0.203322611402346253850482
-0.000000000000000039464959 0.203322611402347253051204
-0.000000000000000040332321 0.203322611402348252251926
-0.000000000000000041633363 0.203322611402349223697072
-0.000000000000000042500725 0.203322611402350222897795
-0.000000000000000042067044 0.203322611402351222098517
-0.000000000000000043368087 0.203322611402352193543663
-0.000000000000000044452289 0.203322611402353192744386
-0.000000000000000044235449 0.203322611402354191945108
-0.000000000000000045102810 0.203322611402355163390254
-0.000000000000000046403853 0.203322611402356162590976
-0.000000000000000047271215 0.203322611402357161791699
-0.000000000000000047488055 0.203322611402358133236845
-0.000000000000000048138576 0.203322611402359132437567
-0.000000000000000049222779 0.203322611402360131638289
-0.000000000000000049005938 0.203322611402361103083436
-0.000000000000000050090140 0.203322611402362102284158
-0.000000000000000051174343 0.203322611402363101484880
-0.000000000000000050957502 0.203322611402364072930027
-0.000000000000000051824864 0.203322611402365072130749
-0.000000000000000052909066 0.203322611402366071331471
-0.000000000000000052692226 0.203322611402367042776618
-0.000000000000000053776428 0.203322611402368041977340
-0.000000000000000054860630 0.203322611402369041178062
-0.000000000000000056161673 0.203322611402370012623209
-0.000000000000000055727992 0.203322611402371011823931
