
 **** DERIVATIVE DATABASE ****    
+DDB, Version number  20230401

  Note : temporary (transfer) database

    usepaw         1
     natom         3
      nkpt       868
    nsppol         1
      nsym         1
    ntypat         2
    occopt         7
     nband        18
     acell  0.10000000000000D+01  0.10000000000000D+01  0.10000000000000D+01
       amu  0.58690000000000D+02  0.79904000000000D+02
   dilatmx  0.10000000000000D+01
      ecut  0.22049595238777D+02
 pawecutdg  0.44099190477555D+02
    ecutsm  0.00000000000000D+00
     intxc         0
      iscf        17
       ixc   -101130
       kpt  0.00000000000000D+00  0.00000000000000D+00  0.00000000000000D+00
            0.83333333333333D-01  0.00000000000000D+00  0.00000000000000D+00
            0.16666666666667D+00  0.00000000000000D+00  0.00000000000000D+00
            0.25000000000000D+00  0.00000000000000D+00  0.00000000000000D+00
            0.33333333333333D+00  0.00000000000000D+00  0.00000000000000D+00
            0.41666666666667D+00  0.00000000000000D+00  0.00000000000000D+00
            0.50000000000000D+00  0.00000000000000D+00  0.00000000000000D+00
            0.00000000000000D+00  0.83333333333333D-01  0.00000000000000D+00
            0.83333333333333D-01  0.83333333333333D-01  0.00000000000000D+00
            0.16666666666667D+00  0.83333333333333D-01  0.00000000000000D+00
            0.25000000000000D+00  0.83333333333333D-01  0.00000000000000D+00
            0.33333333333333D+00  0.83333333333333D-01  0.00000000000000D+00
            0.41666666666667D+00  0.83333333333333D-01  0.00000000000000D+00
            0.50000000000000D+00  0.83333333333333D-01  0.00000000000000D+00
           -0.41666666666667D+00  0.83333333333333D-01  0.00000000000000D+00
           -0.33333333333333D+00  0.83333333333333D-01  0.00000000000000D+00
           -0.25000000000000D+00  0.83333333333333D-01  0.00000000000000D+00
           -0.16666666666667D+00  0.83333333333333D-01  0.00000000000000D+00
           -0.83333333333333D-01  0.83333333333333D-01  0.00000000000000D+00
            0.00000000000000D+00  0.16666666666667D+00  0.00000000000000D+00
            0.83333333333333D-01  0.16666666666667D+00  0.00000000000000D+00
            0.16666666666667D+00  0.16666666666667D+00  0.00000000000000D+00
            0.25000000000000D+00  0.16666666666667D+00  0.00000000000000D+00
            0.33333333333333D+00  0.16666666666667D+00  0.00000000000000D+00
            0.41666666666667D+00  0.16666666666667D+00  0.00000000000000D+00
            0.50000000000000D+00  0.16666666666667D+00  0.00000000000000D+00
           -0.41666666666667D+00  0.16666666666667D+00  0.00000000000000D+00
           -0.33333333333333D+00  0.16666666666667D+00  0.00000000000000D+00
           -0.25000000000000D+00  0.16666666666667D+00  0.00000000000000D+00
           -0.16666666666667D+00  0.16666666666667D+00  0.00000000000000D+00
           -0.83333333333333D-01  0.16666666666667D+00  0.00000000000000D+00
            0.00000000000000D+00  0.25000000000000D+00  0.00000000000000D+00
            0.83333333333333D-01  0.25000000000000D+00  0.00000000000000D+00
            0.16666666666667D+00  0.25000000000000D+00  0.00000000000000D+00
            0.25000000000000D+00  0.25000000000000D+00  0.00000000000000D+00
            0.33333333333333D+00  0.25000000000000D+00  0.00000000000000D+00
            0.41666666666667D+00  0.25000000000000D+00  0.00000000000000D+00
            0.50000000000000D+00  0.25000000000000D+00  0.00000000000000D+00
           -0.41666666666667D+00  0.25000000000000D+00  0.00000000000000D+00
           -0.33333333333333D+00  0.25000000000000D+00  0.00000000000000D+00
           -0.25000000000000D+00  0.25000000000000D+00  0.00000000000000D+00
           -0.16666666666667D+00  0.25000000000000D+00  0.00000000000000D+00
           -0.83333333333333D-01  0.25000000000000D+00  0.00000000000000D+00
            0.00000000000000D+00  0.33333333333333D+00  0.00000000000000D+00
            0.83333333333333D-01  0.33333333333333D+00  0.00000000000000D+00
            0.16666666666667D+00  0.33333333333333D+00  0.00000000000000D+00
            0.25000000000000D+00  0.33333333333333D+00  0.00000000000000D+00
            0.33333333333333D+00  0.33333333333333D+00  0.00000000000000D+00
            0.41666666666667D+00  0.33333333333333D+00  0.00000000000000D+00
            0.50000000000000D+00  0.33333333333333D+00  0.00000000000000D+00
           -0.41666666666667D+00  0.33333333333333D+00  0.00000000000000D+00
           -0.33333333333333D+00  0.33333333333333D+00  0.00000000000000D+00
           -0.25000000000000D+00  0.33333333333333D+00  0.00000000000000D+00
           -0.16666666666667D+00  0.33333333333333D+00  0.00000000000000D+00
           -0.83333333333333D-01  0.33333333333333D+00  0.00000000000000D+00
            0.00000000000000D+00  0.41666666666667D+00  0.00000000000000D+00
            0.83333333333333D-01  0.41666666666667D+00  0.00000000000000D+00
            0.16666666666667D+00  0.41666666666667D+00  0.00000000000000D+00
            0.25000000000000D+00  0.41666666666667D+00  0.00000000000000D+00
            0.33333333333333D+00  0.41666666666667D+00  0.00000000000000D+00
            0.41666666666667D+00  0.41666666666667D+00  0.00000000000000D+00
            0.50000000000000D+00  0.41666666666667D+00  0.00000000000000D+00
           -0.41666666666667D+00  0.41666666666667D+00  0.00000000000000D+00
           -0.33333333333333D+00  0.41666666666667D+00  0.00000000000000D+00
           -0.25000000000000D+00  0.41666666666667D+00  0.00000000000000D+00
           -0.16666666666667D+00  0.41666666666667D+00  0.00000000000000D+00
           -0.83333333333333D-01  0.41666666666667D+00  0.00000000000000D+00
            0.00000000000000D+00  0.50000000000000D+00  0.00000000000000D+00
            0.83333333333333D-01  0.50000000000000D+00  0.00000000000000D+00
            0.16666666666667D+00  0.50000000000000D+00  0.00000000000000D+00
            0.25000000000000D+00  0.50000000000000D+00  0.00000000000000D+00
            0.33333333333333D+00  0.50000000000000D+00  0.00000000000000D+00
            0.41666666666667D+00  0.50000000000000D+00  0.00000000000000D+00
            0.50000000000000D+00  0.50000000000000D+00  0.00000000000000D+00
            0.00000000000000D+00  0.00000000000000D+00  0.83333333333333D-01
            0.83333333333333D-01  0.00000000000000D+00  0.83333333333333D-01
            0.16666666666667D+00  0.00000000000000D+00  0.83333333333333D-01
            0.25000000000000D+00  0.00000000000000D+00  0.83333333333333D-01
            0.33333333333333D+00  0.00000000000000D+00  0.83333333333333D-01
            0.41666666666667D+00  0.00000000000000D+00  0.83333333333333D-01
            0.50000000000000D+00  0.00000000000000D+00  0.83333333333333D-01
           -0.41666666666667D+00  0.00000000000000D+00  0.83333333333333D-01
           -0.33333333333333D+00  0.00000000000000D+00  0.83333333333333D-01
           -0.25000000000000D+00  0.00000000000000D+00  0.83333333333333D-01
           -0.16666666666667D+00  0.00000000000000D+00  0.83333333333333D-01
           -0.83333333333333D-01  0.00000000000000D+00  0.83333333333333D-01
            0.00000000000000D+00  0.83333333333333D-01  0.83333333333333D-01
            0.83333333333333D-01  0.83333333333333D-01  0.83333333333333D-01
            0.16666666666667D+00  0.83333333333333D-01  0.83333333333333D-01
            0.25000000000000D+00  0.83333333333333D-01  0.83333333333333D-01
            0.33333333333333D+00  0.83333333333333D-01  0.83333333333333D-01
            0.41666666666667D+00  0.83333333333333D-01  0.83333333333333D-01
            0.50000000000000D+00  0.83333333333333D-01  0.83333333333333D-01
           -0.41666666666667D+00  0.83333333333333D-01  0.83333333333333D-01
           -0.33333333333333D+00  0.83333333333333D-01  0.83333333333333D-01
           -0.25000000000000D+00  0.83333333333333D-01  0.83333333333333D-01
           -0.16666666666667D+00  0.83333333333333D-01  0.83333333333333D-01
           -0.83333333333333D-01  0.83333333333333D-01  0.83333333333333D-01
            0.00000000000000D+00  0.16666666666667D+00  0.83333333333333D-01
            0.83333333333333D-01  0.16666666666667D+00  0.83333333333333D-01
            0.16666666666667D+00  0.16666666666667D+00  0.83333333333333D-01
            0.25000000000000D+00  0.16666666666667D+00  0.83333333333333D-01
            0.33333333333333D+00  0.16666666666667D+00  0.83333333333333D-01
            0.41666666666667D+00  0.16666666666667D+00  0.83333333333333D-01
            0.50000000000000D+00  0.16666666666667D+00  0.83333333333333D-01
           -0.41666666666667D+00  0.16666666666667D+00  0.83333333333333D-01
           -0.33333333333333D+00  0.16666666666667D+00  0.83333333333333D-01
           -0.25000000000000D+00  0.16666666666667D+00  0.83333333333333D-01
           -0.16666666666667D+00  0.16666666666667D+00  0.83333333333333D-01
           -0.83333333333333D-01  0.16666666666667D+00  0.83333333333333D-01
            0.00000000000000D+00  0.25000000000000D+00  0.83333333333333D-01
            0.83333333333333D-01  0.25000000000000D+00  0.83333333333333D-01
            0.16666666666667D+00  0.25000000000000D+00  0.83333333333333D-01
            0.25000000000000D+00  0.25000000000000D+00  0.83333333333333D-01
            0.33333333333333D+00  0.25000000000000D+00  0.83333333333333D-01
            0.41666666666667D+00  0.25000000000000D+00  0.83333333333333D-01
            0.50000000000000D+00  0.25000000000000D+00  0.83333333333333D-01
           -0.41666666666667D+00  0.25000000000000D+00  0.83333333333333D-01
           -0.33333333333333D+00  0.25000000000000D+00  0.83333333333333D-01
           -0.25000000000000D+00  0.25000000000000D+00  0.83333333333333D-01
           -0.16666666666667D+00  0.25000000000000D+00  0.83333333333333D-01
           -0.83333333333333D-01  0.25000000000000D+00  0.83333333333333D-01
            0.00000000000000D+00  0.33333333333333D+00  0.83333333333333D-01
            0.83333333333333D-01  0.33333333333333D+00  0.83333333333333D-01
            0.16666666666667D+00  0.33333333333333D+00  0.83333333333333D-01
            0.25000000000000D+00  0.33333333333333D+00  0.83333333333333D-01
            0.33333333333333D+00  0.33333333333333D+00  0.83333333333333D-01
            0.41666666666667D+00  0.33333333333333D+00  0.83333333333333D-01
            0.50000000000000D+00  0.33333333333333D+00  0.83333333333333D-01
           -0.41666666666667D+00  0.33333333333333D+00  0.83333333333333D-01
           -0.33333333333333D+00  0.33333333333333D+00  0.83333333333333D-01
           -0.25000000000000D+00  0.33333333333333D+00  0.83333333333333D-01
           -0.16666666666667D+00  0.33333333333333D+00  0.83333333333333D-01
           -0.83333333333333D-01  0.33333333333333D+00  0.83333333333333D-01
            0.00000000000000D+00  0.41666666666667D+00  0.83333333333333D-01
            0.83333333333333D-01  0.41666666666667D+00  0.83333333333333D-01
            0.16666666666667D+00  0.41666666666667D+00  0.83333333333333D-01
            0.25000000000000D+00  0.41666666666667D+00  0.83333333333333D-01
            0.33333333333333D+00  0.41666666666667D+00  0.83333333333333D-01
            0.41666666666667D+00  0.41666666666667D+00  0.83333333333333D-01
            0.50000000000000D+00  0.41666666666667D+00  0.83333333333333D-01
           -0.41666666666667D+00  0.41666666666667D+00  0.83333333333333D-01
           -0.33333333333333D+00  0.41666666666667D+00  0.83333333333333D-01
           -0.25000000000000D+00  0.41666666666667D+00  0.83333333333333D-01
           -0.16666666666667D+00  0.41666666666667D+00  0.83333333333333D-01
           -0.83333333333333D-01  0.41666666666667D+00  0.83333333333333D-01
            0.00000000000000D+00  0.50000000000000D+00  0.83333333333333D-01
            0.83333333333333D-01  0.50000000000000D+00  0.83333333333333D-01
            0.16666666666667D+00  0.50000000000000D+00  0.83333333333333D-01
            0.25000000000000D+00  0.50000000000000D+00  0.83333333333333D-01
            0.33333333333333D+00  0.50000000000000D+00  0.83333333333333D-01
            0.41666666666667D+00  0.50000000000000D+00  0.83333333333333D-01
            0.50000000000000D+00  0.50000000000000D+00  0.83333333333333D-01
           -0.41666666666667D+00  0.50000000000000D+00  0.83333333333333D-01
           -0.33333333333333D+00  0.50000000000000D+00  0.83333333333333D-01
           -0.25000000000000D+00  0.50000000000000D+00  0.83333333333333D-01
           -0.16666666666667D+00  0.50000000000000D+00  0.83333333333333D-01
           -0.83333333333333D-01  0.50000000000000D+00  0.83333333333333D-01
            0.00000000000000D+00 -0.41666666666667D+00  0.83333333333333D-01
            0.83333333333333D-01 -0.41666666666667D+00  0.83333333333333D-01
            0.16666666666667D+00 -0.41666666666667D+00  0.83333333333333D-01
            0.25000000000000D+00 -0.41666666666667D+00  0.83333333333333D-01
            0.33333333333333D+00 -0.41666666666667D+00  0.83333333333333D-01
            0.41666666666667D+00 -0.41666666666667D+00  0.83333333333333D-01
            0.50000000000000D+00 -0.41666666666667D+00  0.83333333333333D-01
           -0.41666666666667D+00 -0.41666666666667D+00  0.83333333333333D-01
           -0.33333333333333D+00 -0.41666666666667D+00  0.83333333333333D-01
           -0.25000000000000D+00 -0.41666666666667D+00  0.83333333333333D-01
           -0.16666666666667D+00 -0.41666666666667D+00  0.83333333333333D-01
           -0.83333333333333D-01 -0.41666666666667D+00  0.83333333333333D-01
            0.00000000000000D+00 -0.33333333333333D+00  0.83333333333333D-01
            0.83333333333333D-01 -0.33333333333333D+00  0.83333333333333D-01
            0.16666666666667D+00 -0.33333333333333D+00  0.83333333333333D-01
            0.25000000000000D+00 -0.33333333333333D+00  0.83333333333333D-01
            0.33333333333333D+00 -0.33333333333333D+00  0.83333333333333D-01
            0.41666666666667D+00 -0.33333333333333D+00  0.83333333333333D-01
            0.50000000000000D+00 -0.33333333333333D+00  0.83333333333333D-01
           -0.41666666666667D+00 -0.33333333333333D+00  0.83333333333333D-01
           -0.33333333333333D+00 -0.33333333333333D+00  0.83333333333333D-01
           -0.25000000000000D+00 -0.33333333333333D+00  0.83333333333333D-01
           -0.16666666666667D+00 -0.33333333333333D+00  0.83333333333333D-01
           -0.83333333333333D-01 -0.33333333333333D+00  0.83333333333333D-01
            0.00000000000000D+00 -0.25000000000000D+00  0.83333333333333D-01
            0.83333333333333D-01 -0.25000000000000D+00  0.83333333333333D-01
            0.16666666666667D+00 -0.25000000000000D+00  0.83333333333333D-01
            0.25000000000000D+00 -0.25000000000000D+00  0.83333333333333D-01
            0.33333333333333D+00 -0.25000000000000D+00  0.83333333333333D-01
            0.41666666666667D+00 -0.25000000000000D+00  0.83333333333333D-01
            0.50000000000000D+00 -0.25000000000000D+00  0.83333333333333D-01
           -0.41666666666667D+00 -0.25000000000000D+00  0.83333333333333D-01
           -0.33333333333333D+00 -0.25000000000000D+00  0.83333333333333D-01
           -0.25000000000000D+00 -0.25000000000000D+00  0.83333333333333D-01
           -0.16666666666667D+00 -0.25000000000000D+00  0.83333333333333D-01
           -0.83333333333333D-01 -0.25000000000000D+00  0.83333333333333D-01
            0.00000000000000D+00 -0.16666666666667D+00  0.83333333333333D-01
            0.83333333333333D-01 -0.16666666666667D+00  0.83333333333333D-01
            0.16666666666667D+00 -0.16666666666667D+00  0.83333333333333D-01
            0.25000000000000D+00 -0.16666666666667D+00  0.83333333333333D-01
            0.33333333333333D+00 -0.16666666666667D+00  0.83333333333333D-01
            0.41666666666667D+00 -0.16666666666667D+00  0.83333333333333D-01
            0.50000000000000D+00 -0.16666666666667D+00  0.83333333333333D-01
           -0.41666666666667D+00 -0.16666666666667D+00  0.83333333333333D-01
           -0.33333333333333D+00 -0.16666666666667D+00  0.83333333333333D-01
           -0.25000000000000D+00 -0.16666666666667D+00  0.83333333333333D-01
           -0.16666666666667D+00 -0.16666666666667D+00  0.83333333333333D-01
           -0.83333333333333D-01 -0.16666666666667D+00  0.83333333333333D-01
            0.00000000000000D+00 -0.83333333333333D-01  0.83333333333333D-01
            0.83333333333333D-01 -0.83333333333333D-01  0.83333333333333D-01
            0.16666666666667D+00 -0.83333333333333D-01  0.83333333333333D-01
            0.25000000000000D+00 -0.83333333333333D-01  0.83333333333333D-01
            0.33333333333333D+00 -0.83333333333333D-01  0.83333333333333D-01
            0.41666666666667D+00 -0.83333333333333D-01  0.83333333333333D-01
            0.50000000000000D+00 -0.83333333333333D-01  0.83333333333333D-01
           -0.41666666666667D+00 -0.83333333333333D-01  0.83333333333333D-01
           -0.33333333333333D+00 -0.83333333333333D-01  0.83333333333333D-01
           -0.25000000000000D+00 -0.83333333333333D-01  0.83333333333333D-01
           -0.16666666666667D+00 -0.83333333333333D-01  0.83333333333333D-01
           -0.83333333333333D-01 -0.83333333333333D-01  0.83333333333333D-01
            0.00000000000000D+00  0.00000000000000D+00  0.16666666666667D+00
            0.83333333333333D-01  0.00000000000000D+00  0.16666666666667D+00
            0.16666666666667D+00  0.00000000000000D+00  0.16666666666667D+00
            0.25000000000000D+00  0.00000000000000D+00  0.16666666666667D+00
            0.33333333333333D+00  0.00000000000000D+00  0.16666666666667D+00
            0.41666666666667D+00  0.00000000000000D+00  0.16666666666667D+00
            0.50000000000000D+00  0.00000000000000D+00  0.16666666666667D+00
           -0.41666666666667D+00  0.00000000000000D+00  0.16666666666667D+00
           -0.33333333333333D+00  0.00000000000000D+00  0.16666666666667D+00
           -0.25000000000000D+00  0.00000000000000D+00  0.16666666666667D+00
           -0.16666666666667D+00  0.00000000000000D+00  0.16666666666667D+00
           -0.83333333333333D-01  0.00000000000000D+00  0.16666666666667D+00
            0.00000000000000D+00  0.83333333333333D-01  0.16666666666667D+00
            0.83333333333333D-01  0.83333333333333D-01  0.16666666666667D+00
            0.16666666666667D+00  0.83333333333333D-01  0.16666666666667D+00
            0.25000000000000D+00  0.83333333333333D-01  0.16666666666667D+00
            0.33333333333333D+00  0.83333333333333D-01  0.16666666666667D+00
            0.41666666666667D+00  0.83333333333333D-01  0.16666666666667D+00
            0.50000000000000D+00  0.83333333333333D-01  0.16666666666667D+00
           -0.41666666666667D+00  0.83333333333333D-01  0.16666666666667D+00
           -0.33333333333333D+00  0.83333333333333D-01  0.16666666666667D+00
           -0.25000000000000D+00  0.83333333333333D-01  0.16666666666667D+00
           -0.16666666666667D+00  0.83333333333333D-01  0.16666666666667D+00
           -0.83333333333333D-01  0.83333333333333D-01  0.16666666666667D+00
            0.00000000000000D+00  0.16666666666667D+00  0.16666666666667D+00
            0.83333333333333D-01  0.16666666666667D+00  0.16666666666667D+00
            0.16666666666667D+00  0.16666666666667D+00  0.16666666666667D+00
            0.25000000000000D+00  0.16666666666667D+00  0.16666666666667D+00
            0.33333333333333D+00  0.16666666666667D+00  0.16666666666667D+00
            0.41666666666667D+00  0.16666666666667D+00  0.16666666666667D+00
            0.50000000000000D+00  0.16666666666667D+00  0.16666666666667D+00
           -0.41666666666667D+00  0.16666666666667D+00  0.16666666666667D+00
           -0.33333333333333D+00  0.16666666666667D+00  0.16666666666667D+00
           -0.25000000000000D+00  0.16666666666667D+00  0.16666666666667D+00
           -0.16666666666667D+00  0.16666666666667D+00  0.16666666666667D+00
           -0.83333333333333D-01  0.16666666666667D+00  0.16666666666667D+00
            0.00000000000000D+00  0.25000000000000D+00  0.16666666666667D+00
            0.83333333333333D-01  0.25000000000000D+00  0.16666666666667D+00
            0.16666666666667D+00  0.25000000000000D+00  0.16666666666667D+00
            0.25000000000000D+00  0.25000000000000D+00  0.16666666666667D+00
            0.33333333333333D+00  0.25000000000000D+00  0.16666666666667D+00
            0.41666666666667D+00  0.25000000000000D+00  0.16666666666667D+00
            0.50000000000000D+00  0.25000000000000D+00  0.16666666666667D+00
           -0.41666666666667D+00  0.25000000000000D+00  0.16666666666667D+00
           -0.33333333333333D+00  0.25000000000000D+00  0.16666666666667D+00
           -0.25000000000000D+00  0.25000000000000D+00  0.16666666666667D+00
           -0.16666666666667D+00  0.25000000000000D+00  0.16666666666667D+00
           -0.83333333333333D-01  0.25000000000000D+00  0.16666666666667D+00
            0.00000000000000D+00  0.33333333333333D+00  0.16666666666667D+00
            0.83333333333333D-01  0.33333333333333D+00  0.16666666666667D+00
            0.16666666666667D+00  0.33333333333333D+00  0.16666666666667D+00
            0.25000000000000D+00  0.33333333333333D+00  0.16666666666667D+00
            0.33333333333333D+00  0.33333333333333D+00  0.16666666666667D+00
            0.41666666666667D+00  0.33333333333333D+00  0.16666666666667D+00
            0.50000000000000D+00  0.33333333333333D+00  0.16666666666667D+00
           -0.41666666666667D+00  0.33333333333333D+00  0.16666666666667D+00
           -0.33333333333333D+00  0.33333333333333D+00  0.16666666666667D+00
           -0.25000000000000D+00  0.33333333333333D+00  0.16666666666667D+00
           -0.16666666666667D+00  0.33333333333333D+00  0.16666666666667D+00
           -0.83333333333333D-01  0.33333333333333D+00  0.16666666666667D+00
            0.00000000000000D+00  0.41666666666667D+00  0.16666666666667D+00
            0.83333333333333D-01  0.41666666666667D+00  0.16666666666667D+00
            0.16666666666667D+00  0.41666666666667D+00  0.16666666666667D+00
            0.25000000000000D+00  0.41666666666667D+00  0.16666666666667D+00
            0.33333333333333D+00  0.41666666666667D+00  0.16666666666667D+00
            0.41666666666667D+00  0.41666666666667D+00  0.16666666666667D+00
            0.50000000000000D+00  0.41666666666667D+00  0.16666666666667D+00
           -0.41666666666667D+00  0.41666666666667D+00  0.16666666666667D+00
           -0.33333333333333D+00  0.41666666666667D+00  0.16666666666667D+00
           -0.25000000000000D+00  0.41666666666667D+00  0.16666666666667D+00
           -0.16666666666667D+00  0.41666666666667D+00  0.16666666666667D+00
           -0.83333333333333D-01  0.41666666666667D+00  0.16666666666667D+00
            0.00000000000000D+00  0.50000000000000D+00  0.16666666666667D+00
            0.83333333333333D-01  0.50000000000000D+00  0.16666666666667D+00
            0.16666666666667D+00  0.50000000000000D+00  0.16666666666667D+00
            0.25000000000000D+00  0.50000000000000D+00  0.16666666666667D+00
            0.33333333333333D+00  0.50000000000000D+00  0.16666666666667D+00
            0.41666666666667D+00  0.50000000000000D+00  0.16666666666667D+00
            0.50000000000000D+00  0.50000000000000D+00  0.16666666666667D+00
           -0.41666666666667D+00  0.50000000000000D+00  0.16666666666667D+00
           -0.33333333333333D+00  0.50000000000000D+00  0.16666666666667D+00
           -0.25000000000000D+00  0.50000000000000D+00  0.16666666666667D+00
           -0.16666666666667D+00  0.50000000000000D+00  0.16666666666667D+00
           -0.83333333333333D-01  0.50000000000000D+00  0.16666666666667D+00
            0.00000000000000D+00 -0.41666666666667D+00  0.16666666666667D+00
            0.83333333333333D-01 -0.41666666666667D+00  0.16666666666667D+00
            0.16666666666667D+00 -0.41666666666667D+00  0.16666666666667D+00
            0.25000000000000D+00 -0.41666666666667D+00  0.16666666666667D+00
            0.33333333333333D+00 -0.41666666666667D+00  0.16666666666667D+00
            0.41666666666667D+00 -0.41666666666667D+00  0.16666666666667D+00
            0.50000000000000D+00 -0.41666666666667D+00  0.16666666666667D+00
           -0.41666666666667D+00 -0.41666666666667D+00  0.16666666666667D+00
           -0.33333333333333D+00 -0.41666666666667D+00  0.16666666666667D+00
           -0.25000000000000D+00 -0.41666666666667D+00  0.16666666666667D+00
           -0.16666666666667D+00 -0.41666666666667D+00  0.16666666666667D+00
           -0.83333333333333D-01 -0.41666666666667D+00  0.16666666666667D+00
            0.00000000000000D+00 -0.33333333333333D+00  0.16666666666667D+00
            0.83333333333333D-01 -0.33333333333333D+00  0.16666666666667D+00
            0.16666666666667D+00 -0.33333333333333D+00  0.16666666666667D+00
            0.25000000000000D+00 -0.33333333333333D+00  0.16666666666667D+00
            0.33333333333333D+00 -0.33333333333333D+00  0.16666666666667D+00
            0.41666666666667D+00 -0.33333333333333D+00  0.16666666666667D+00
            0.50000000000000D+00 -0.33333333333333D+00  0.16666666666667D+00
           -0.41666666666667D+00 -0.33333333333333D+00  0.16666666666667D+00
           -0.33333333333333D+00 -0.33333333333333D+00  0.16666666666667D+00
           -0.25000000000000D+00 -0.33333333333333D+00  0.16666666666667D+00
           -0.16666666666667D+00 -0.33333333333333D+00  0.16666666666667D+00
           -0.83333333333333D-01 -0.33333333333333D+00  0.16666666666667D+00
            0.00000000000000D+00 -0.25000000000000D+00  0.16666666666667D+00
            0.83333333333333D-01 -0.25000000000000D+00  0.16666666666667D+00
            0.16666666666667D+00 -0.25000000000000D+00  0.16666666666667D+00
            0.25000000000000D+00 -0.25000000000000D+00  0.16666666666667D+00
            0.33333333333333D+00 -0.25000000000000D+00  0.16666666666667D+00
            0.41666666666667D+00 -0.25000000000000D+00  0.16666666666667D+00
            0.50000000000000D+00 -0.25000000000000D+00  0.16666666666667D+00
           -0.41666666666667D+00 -0.25000000000000D+00  0.16666666666667D+00
           -0.33333333333333D+00 -0.25000000000000D+00  0.16666666666667D+00
           -0.25000000000000D+00 -0.25000000000000D+00  0.16666666666667D+00
           -0.16666666666667D+00 -0.25000000000000D+00  0.16666666666667D+00
           -0.83333333333333D-01 -0.25000000000000D+00  0.16666666666667D+00
            0.00000000000000D+00 -0.16666666666667D+00  0.16666666666667D+00
            0.83333333333333D-01 -0.16666666666667D+00  0.16666666666667D+00
            0.16666666666667D+00 -0.16666666666667D+00  0.16666666666667D+00
            0.25000000000000D+00 -0.16666666666667D+00  0.16666666666667D+00
            0.33333333333333D+00 -0.16666666666667D+00  0.16666666666667D+00
            0.41666666666667D+00 -0.16666666666667D+00  0.16666666666667D+00
            0.50000000000000D+00 -0.16666666666667D+00  0.16666666666667D+00
           -0.41666666666667D+00 -0.16666666666667D+00  0.16666666666667D+00
           -0.33333333333333D+00 -0.16666666666667D+00  0.16666666666667D+00
           -0.25000000000000D+00 -0.16666666666667D+00  0.16666666666667D+00
           -0.16666666666667D+00 -0.16666666666667D+00  0.16666666666667D+00
           -0.83333333333333D-01 -0.16666666666667D+00  0.16666666666667D+00
            0.00000000000000D+00 -0.83333333333333D-01  0.16666666666667D+00
            0.83333333333333D-01 -0.83333333333333D-01  0.16666666666667D+00
            0.16666666666667D+00 -0.83333333333333D-01  0.16666666666667D+00
            0.25000000000000D+00 -0.83333333333333D-01  0.16666666666667D+00
            0.33333333333333D+00 -0.83333333333333D-01  0.16666666666667D+00
            0.41666666666667D+00 -0.83333333333333D-01  0.16666666666667D+00
            0.50000000000000D+00 -0.83333333333333D-01  0.16666666666667D+00
           -0.41666666666667D+00 -0.83333333333333D-01  0.16666666666667D+00
           -0.33333333333333D+00 -0.83333333333333D-01  0.16666666666667D+00
           -0.25000000000000D+00 -0.83333333333333D-01  0.16666666666667D+00
           -0.16666666666667D+00 -0.83333333333333D-01  0.16666666666667D+00
           -0.83333333333333D-01 -0.83333333333333D-01  0.16666666666667D+00
            0.00000000000000D+00  0.00000000000000D+00  0.25000000000000D+00
            0.83333333333333D-01  0.00000000000000D+00  0.25000000000000D+00
            0.16666666666667D+00  0.00000000000000D+00  0.25000000000000D+00
            0.25000000000000D+00  0.00000000000000D+00  0.25000000000000D+00
            0.33333333333333D+00  0.00000000000000D+00  0.25000000000000D+00
            0.41666666666667D+00  0.00000000000000D+00  0.25000000000000D+00
            0.50000000000000D+00  0.00000000000000D+00  0.25000000000000D+00
           -0.41666666666667D+00  0.00000000000000D+00  0.25000000000000D+00
           -0.33333333333333D+00  0.00000000000000D+00  0.25000000000000D+00
           -0.25000000000000D+00  0.00000000000000D+00  0.25000000000000D+00
           -0.16666666666667D+00  0.00000000000000D+00  0.25000000000000D+00
           -0.83333333333333D-01  0.00000000000000D+00  0.25000000000000D+00
            0.00000000000000D+00  0.83333333333333D-01  0.25000000000000D+00
            0.83333333333333D-01  0.83333333333333D-01  0.25000000000000D+00
            0.16666666666667D+00  0.83333333333333D-01  0.25000000000000D+00
            0.25000000000000D+00  0.83333333333333D-01  0.25000000000000D+00
            0.33333333333333D+00  0.83333333333333D-01  0.25000000000000D+00
            0.41666666666667D+00  0.83333333333333D-01  0.25000000000000D+00
            0.50000000000000D+00  0.83333333333333D-01  0.25000000000000D+00
           -0.41666666666667D+00  0.83333333333333D-01  0.25000000000000D+00
           -0.33333333333333D+00  0.83333333333333D-01  0.25000000000000D+00
           -0.25000000000000D+00  0.83333333333333D-01  0.25000000000000D+00
           -0.16666666666667D+00  0.83333333333333D-01  0.25000000000000D+00
           -0.83333333333333D-01  0.83333333333333D-01  0.25000000000000D+00
            0.00000000000000D+00  0.16666666666667D+00  0.25000000000000D+00
            0.83333333333333D-01  0.16666666666667D+00  0.25000000000000D+00
            0.16666666666667D+00  0.16666666666667D+00  0.25000000000000D+00
            0.25000000000000D+00  0.16666666666667D+00  0.25000000000000D+00
            0.33333333333333D+00  0.16666666666667D+00  0.25000000000000D+00
            0.41666666666667D+00  0.16666666666667D+00  0.25000000000000D+00
            0.50000000000000D+00  0.16666666666667D+00  0.25000000000000D+00
           -0.41666666666667D+00  0.16666666666667D+00  0.25000000000000D+00
           -0.33333333333333D+00  0.16666666666667D+00  0.25000000000000D+00
           -0.25000000000000D+00  0.16666666666667D+00  0.25000000000000D+00
           -0.16666666666667D+00  0.16666666666667D+00  0.25000000000000D+00
           -0.83333333333333D-01  0.16666666666667D+00  0.25000000000000D+00
            0.00000000000000D+00  0.25000000000000D+00  0.25000000000000D+00
            0.83333333333333D-01  0.25000000000000D+00  0.25000000000000D+00
            0.16666666666667D+00  0.25000000000000D+00  0.25000000000000D+00
            0.25000000000000D+00  0.25000000000000D+00  0.25000000000000D+00
            0.33333333333333D+00  0.25000000000000D+00  0.25000000000000D+00
            0.41666666666667D+00  0.25000000000000D+00  0.25000000000000D+00
            0.50000000000000D+00  0.25000000000000D+00  0.25000000000000D+00
           -0.41666666666667D+00  0.25000000000000D+00  0.25000000000000D+00
           -0.33333333333333D+00  0.25000000000000D+00  0.25000000000000D+00
           -0.25000000000000D+00  0.25000000000000D+00  0.25000000000000D+00
           -0.16666666666667D+00  0.25000000000000D+00  0.25000000000000D+00
           -0.83333333333333D-01  0.25000000000000D+00  0.25000000000000D+00
            0.00000000000000D+00  0.33333333333333D+00  0.25000000000000D+00
            0.83333333333333D-01  0.33333333333333D+00  0.25000000000000D+00
            0.16666666666667D+00  0.33333333333333D+00  0.25000000000000D+00
            0.25000000000000D+00  0.33333333333333D+00  0.25000000000000D+00
            0.33333333333333D+00  0.33333333333333D+00  0.25000000000000D+00
            0.41666666666667D+00  0.33333333333333D+00  0.25000000000000D+00
            0.50000000000000D+00  0.33333333333333D+00  0.25000000000000D+00
           -0.41666666666667D+00  0.33333333333333D+00  0.25000000000000D+00
           -0.33333333333333D+00  0.33333333333333D+00  0.25000000000000D+00
           -0.25000000000000D+00  0.33333333333333D+00  0.25000000000000D+00
           -0.16666666666667D+00  0.33333333333333D+00  0.25000000000000D+00
           -0.83333333333333D-01  0.33333333333333D+00  0.25000000000000D+00
            0.00000000000000D+00  0.41666666666667D+00  0.25000000000000D+00
            0.83333333333333D-01  0.41666666666667D+00  0.25000000000000D+00
            0.16666666666667D+00  0.41666666666667D+00  0.25000000000000D+00
            0.25000000000000D+00  0.41666666666667D+00  0.25000000000000D+00
            0.33333333333333D+00  0.41666666666667D+00  0.25000000000000D+00
            0.41666666666667D+00  0.41666666666667D+00  0.25000000000000D+00
            0.50000000000000D+00  0.41666666666667D+00  0.25000000000000D+00
           -0.41666666666667D+00  0.41666666666667D+00  0.25000000000000D+00
           -0.33333333333333D+00  0.41666666666667D+00  0.25000000000000D+00
           -0.25000000000000D+00  0.41666666666667D+00  0.25000000000000D+00
           -0.16666666666667D+00  0.41666666666667D+00  0.25000000000000D+00
           -0.83333333333333D-01  0.41666666666667D+00  0.25000000000000D+00
            0.00000000000000D+00  0.50000000000000D+00  0.25000000000000D+00
            0.83333333333333D-01  0.50000000000000D+00  0.25000000000000D+00
            0.16666666666667D+00  0.50000000000000D+00  0.25000000000000D+00
            0.25000000000000D+00  0.50000000000000D+00  0.25000000000000D+00
            0.33333333333333D+00  0.50000000000000D+00  0.25000000000000D+00
            0.41666666666667D+00  0.50000000000000D+00  0.25000000000000D+00
            0.50000000000000D+00  0.50000000000000D+00  0.25000000000000D+00
           -0.41666666666667D+00  0.50000000000000D+00  0.25000000000000D+00
           -0.33333333333333D+00  0.50000000000000D+00  0.25000000000000D+00
           -0.25000000000000D+00  0.50000000000000D+00  0.25000000000000D+00
           -0.16666666666667D+00  0.50000000000000D+00  0.25000000000000D+00
           -0.83333333333333D-01  0.50000000000000D+00  0.25000000000000D+00
            0.00000000000000D+00 -0.41666666666667D+00  0.25000000000000D+00
            0.83333333333333D-01 -0.41666666666667D+00  0.25000000000000D+00
            0.16666666666667D+00 -0.41666666666667D+00  0.25000000000000D+00
            0.25000000000000D+00 -0.41666666666667D+00  0.25000000000000D+00
            0.33333333333333D+00 -0.41666666666667D+00  0.25000000000000D+00
            0.41666666666667D+00 -0.41666666666667D+00  0.25000000000000D+00
            0.50000000000000D+00 -0.41666666666667D+00  0.25000000000000D+00
           -0.41666666666667D+00 -0.41666666666667D+00  0.25000000000000D+00
           -0.33333333333333D+00 -0.41666666666667D+00  0.25000000000000D+00
           -0.25000000000000D+00 -0.41666666666667D+00  0.25000000000000D+00
           -0.16666666666667D+00 -0.41666666666667D+00  0.25000000000000D+00
           -0.83333333333333D-01 -0.41666666666667D+00  0.25000000000000D+00
            0.00000000000000D+00 -0.33333333333333D+00  0.25000000000000D+00
            0.83333333333333D-01 -0.33333333333333D+00  0.25000000000000D+00
            0.16666666666667D+00 -0.33333333333333D+00  0.25000000000000D+00
            0.25000000000000D+00 -0.33333333333333D+00  0.25000000000000D+00
            0.33333333333333D+00 -0.33333333333333D+00  0.25000000000000D+00
            0.41666666666667D+00 -0.33333333333333D+00  0.25000000000000D+00
            0.50000000000000D+00 -0.33333333333333D+00  0.25000000000000D+00
           -0.41666666666667D+00 -0.33333333333333D+00  0.25000000000000D+00
           -0.33333333333333D+00 -0.33333333333333D+00  0.25000000000000D+00
           -0.25000000000000D+00 -0.33333333333333D+00  0.25000000000000D+00
           -0.16666666666667D+00 -0.33333333333333D+00  0.25000000000000D+00
           -0.83333333333333D-01 -0.33333333333333D+00  0.25000000000000D+00
            0.00000000000000D+00 -0.25000000000000D+00  0.25000000000000D+00
            0.83333333333333D-01 -0.25000000000000D+00  0.25000000000000D+00
            0.16666666666667D+00 -0.25000000000000D+00  0.25000000000000D+00
            0.25000000000000D+00 -0.25000000000000D+00  0.25000000000000D+00
            0.33333333333333D+00 -0.25000000000000D+00  0.25000000000000D+00
            0.41666666666667D+00 -0.25000000000000D+00  0.25000000000000D+00
            0.50000000000000D+00 -0.25000000000000D+00  0.25000000000000D+00
           -0.41666666666667D+00 -0.25000000000000D+00  0.25000000000000D+00
           -0.33333333333333D+00 -0.25000000000000D+00  0.25000000000000D+00
           -0.25000000000000D+00 -0.25000000000000D+00  0.25000000000000D+00
           -0.16666666666667D+00 -0.25000000000000D+00  0.25000000000000D+00
           -0.83333333333333D-01 -0.25000000000000D+00  0.25000000000000D+00
            0.00000000000000D+00 -0.16666666666667D+00  0.25000000000000D+00
            0.83333333333333D-01 -0.16666666666667D+00  0.25000000000000D+00
            0.16666666666667D+00 -0.16666666666667D+00  0.25000000000000D+00
            0.25000000000000D+00 -0.16666666666667D+00  0.25000000000000D+00
            0.33333333333333D+00 -0.16666666666667D+00  0.25000000000000D+00
            0.41666666666667D+00 -0.16666666666667D+00  0.25000000000000D+00
            0.50000000000000D+00 -0.16666666666667D+00  0.25000000000000D+00
           -0.41666666666667D+00 -0.16666666666667D+00  0.25000000000000D+00
           -0.33333333333333D+00 -0.16666666666667D+00  0.25000000000000D+00
           -0.25000000000000D+00 -0.16666666666667D+00  0.25000000000000D+00
           -0.16666666666667D+00 -0.16666666666667D+00  0.25000000000000D+00
           -0.83333333333333D-01 -0.16666666666667D+00  0.25000000000000D+00
            0.00000000000000D+00 -0.83333333333333D-01  0.25000000000000D+00
            0.83333333333333D-01 -0.83333333333333D-01  0.25000000000000D+00
            0.16666666666667D+00 -0.83333333333333D-01  0.25000000000000D+00
            0.25000000000000D+00 -0.83333333333333D-01  0.25000000000000D+00
            0.33333333333333D+00 -0.83333333333333D-01  0.25000000000000D+00
            0.41666666666667D+00 -0.83333333333333D-01  0.25000000000000D+00
            0.50000000000000D+00 -0.83333333333333D-01  0.25000000000000D+00
           -0.41666666666667D+00 -0.83333333333333D-01  0.25000000000000D+00
           -0.33333333333333D+00 -0.83333333333333D-01  0.25000000000000D+00
           -0.25000000000000D+00 -0.83333333333333D-01  0.25000000000000D+00
           -0.16666666666667D+00 -0.83333333333333D-01  0.25000000000000D+00
           -0.83333333333333D-01 -0.83333333333333D-01  0.25000000000000D+00
            0.00000000000000D+00  0.00000000000000D+00  0.33333333333333D+00
            0.83333333333333D-01  0.00000000000000D+00  0.33333333333333D+00
            0.16666666666667D+00  0.00000000000000D+00  0.33333333333333D+00
            0.25000000000000D+00  0.00000000000000D+00  0.33333333333333D+00
            0.33333333333333D+00  0.00000000000000D+00  0.33333333333333D+00
            0.41666666666667D+00  0.00000000000000D+00  0.33333333333333D+00
            0.50000000000000D+00  0.00000000000000D+00  0.33333333333333D+00
           -0.41666666666667D+00  0.00000000000000D+00  0.33333333333333D+00
           -0.33333333333333D+00  0.00000000000000D+00  0.33333333333333D+00
           -0.25000000000000D+00  0.00000000000000D+00  0.33333333333333D+00
           -0.16666666666667D+00  0.00000000000000D+00  0.33333333333333D+00
           -0.83333333333333D-01  0.00000000000000D+00  0.33333333333333D+00
            0.00000000000000D+00  0.83333333333333D-01  0.33333333333333D+00
            0.83333333333333D-01  0.83333333333333D-01  0.33333333333333D+00
            0.16666666666667D+00  0.83333333333333D-01  0.33333333333333D+00
            0.25000000000000D+00  0.83333333333333D-01  0.33333333333333D+00
            0.33333333333333D+00  0.83333333333333D-01  0.33333333333333D+00
            0.41666666666667D+00  0.83333333333333D-01  0.33333333333333D+00
            0.50000000000000D+00  0.83333333333333D-01  0.33333333333333D+00
           -0.41666666666667D+00  0.83333333333333D-01  0.33333333333333D+00
           -0.33333333333333D+00  0.83333333333333D-01  0.33333333333333D+00
           -0.25000000000000D+00  0.83333333333333D-01  0.33333333333333D+00
           -0.16666666666667D+00  0.83333333333333D-01  0.33333333333333D+00
           -0.83333333333333D-01  0.83333333333333D-01  0.33333333333333D+00
            0.00000000000000D+00  0.16666666666667D+00  0.33333333333333D+00
            0.83333333333333D-01  0.16666666666667D+00  0.33333333333333D+00
            0.16666666666667D+00  0.16666666666667D+00  0.33333333333333D+00
            0.25000000000000D+00  0.16666666666667D+00  0.33333333333333D+00
            0.33333333333333D+00  0.16666666666667D+00  0.33333333333333D+00
            0.41666666666667D+00  0.16666666666667D+00  0.33333333333333D+00
            0.50000000000000D+00  0.16666666666667D+00  0.33333333333333D+00
           -0.41666666666667D+00  0.16666666666667D+00  0.33333333333333D+00
           -0.33333333333333D+00  0.16666666666667D+00  0.33333333333333D+00
           -0.25000000000000D+00  0.16666666666667D+00  0.33333333333333D+00
           -0.16666666666667D+00  0.16666666666667D+00  0.33333333333333D+00
           -0.83333333333333D-01  0.16666666666667D+00  0.33333333333333D+00
            0.00000000000000D+00  0.25000000000000D+00  0.33333333333333D+00
            0.83333333333333D-01  0.25000000000000D+00  0.33333333333333D+00
            0.16666666666667D+00  0.25000000000000D+00  0.33333333333333D+00
            0.25000000000000D+00  0.25000000000000D+00  0.33333333333333D+00
            0.33333333333333D+00  0.25000000000000D+00  0.33333333333333D+00
            0.41666666666667D+00  0.25000000000000D+00  0.33333333333333D+00
            0.50000000000000D+00  0.25000000000000D+00  0.33333333333333D+00
           -0.41666666666667D+00  0.25000000000000D+00  0.33333333333333D+00
           -0.33333333333333D+00  0.25000000000000D+00  0.33333333333333D+00
           -0.25000000000000D+00  0.25000000000000D+00  0.33333333333333D+00
           -0.16666666666667D+00  0.25000000000000D+00  0.33333333333333D+00
           -0.83333333333333D-01  0.25000000000000D+00  0.33333333333333D+00
            0.00000000000000D+00  0.33333333333333D+00  0.33333333333333D+00
            0.83333333333333D-01  0.33333333333333D+00  0.33333333333333D+00
            0.16666666666667D+00  0.33333333333333D+00  0.33333333333333D+00
            0.25000000000000D+00  0.33333333333333D+00  0.33333333333333D+00
            0.33333333333333D+00  0.33333333333333D+00  0.33333333333333D+00
            0.41666666666667D+00  0.33333333333333D+00  0.33333333333333D+00
            0.50000000000000D+00  0.33333333333333D+00  0.33333333333333D+00
           -0.41666666666667D+00  0.33333333333333D+00  0.33333333333333D+00
           -0.33333333333333D+00  0.33333333333333D+00  0.33333333333333D+00
           -0.25000000000000D+00  0.33333333333333D+00  0.33333333333333D+00
           -0.16666666666667D+00  0.33333333333333D+00  0.33333333333333D+00
           -0.83333333333333D-01  0.33333333333333D+00  0.33333333333333D+00
            0.00000000000000D+00  0.41666666666667D+00  0.33333333333333D+00
            0.83333333333333D-01  0.41666666666667D+00  0.33333333333333D+00
            0.16666666666667D+00  0.41666666666667D+00  0.33333333333333D+00
            0.25000000000000D+00  0.41666666666667D+00  0.33333333333333D+00
            0.33333333333333D+00  0.41666666666667D+00  0.33333333333333D+00
            0.41666666666667D+00  0.41666666666667D+00  0.33333333333333D+00
            0.50000000000000D+00  0.41666666666667D+00  0.33333333333333D+00
           -0.41666666666667D+00  0.41666666666667D+00  0.33333333333333D+00
           -0.33333333333333D+00  0.41666666666667D+00  0.33333333333333D+00
           -0.25000000000000D+00  0.41666666666667D+00  0.33333333333333D+00
           -0.16666666666667D+00  0.41666666666667D+00  0.33333333333333D+00
           -0.83333333333333D-01  0.41666666666667D+00  0.33333333333333D+00
            0.00000000000000D+00  0.50000000000000D+00  0.33333333333333D+00
            0.83333333333333D-01  0.50000000000000D+00  0.33333333333333D+00
            0.16666666666667D+00  0.50000000000000D+00  0.33333333333333D+00
            0.25000000000000D+00  0.50000000000000D+00  0.33333333333333D+00
            0.33333333333333D+00  0.50000000000000D+00  0.33333333333333D+00
            0.41666666666667D+00  0.50000000000000D+00  0.33333333333333D+00
            0.50000000000000D+00  0.50000000000000D+00  0.33333333333333D+00
           -0.41666666666667D+00  0.50000000000000D+00  0.33333333333333D+00
           -0.33333333333333D+00  0.50000000000000D+00  0.33333333333333D+00
           -0.25000000000000D+00  0.50000000000000D+00  0.33333333333333D+00
           -0.16666666666667D+00  0.50000000000000D+00  0.33333333333333D+00
           -0.83333333333333D-01  0.50000000000000D+00  0.33333333333333D+00
            0.00000000000000D+00 -0.41666666666667D+00  0.33333333333333D+00
            0.83333333333333D-01 -0.41666666666667D+00  0.33333333333333D+00
            0.16666666666667D+00 -0.41666666666667D+00  0.33333333333333D+00
            0.25000000000000D+00 -0.41666666666667D+00  0.33333333333333D+00
            0.33333333333333D+00 -0.41666666666667D+00  0.33333333333333D+00
            0.41666666666667D+00 -0.41666666666667D+00  0.33333333333333D+00
            0.50000000000000D+00 -0.41666666666667D+00  0.33333333333333D+00
           -0.41666666666667D+00 -0.41666666666667D+00  0.33333333333333D+00
           -0.33333333333333D+00 -0.41666666666667D+00  0.33333333333333D+00
           -0.25000000000000D+00 -0.41666666666667D+00  0.33333333333333D+00
           -0.16666666666667D+00 -0.41666666666667D+00  0.33333333333333D+00
           -0.83333333333333D-01 -0.41666666666667D+00  0.33333333333333D+00
            0.00000000000000D+00 -0.33333333333333D+00  0.33333333333333D+00
            0.83333333333333D-01 -0.33333333333333D+00  0.33333333333333D+00
            0.16666666666667D+00 -0.33333333333333D+00  0.33333333333333D+00
            0.25000000000000D+00 -0.33333333333333D+00  0.33333333333333D+00
            0.33333333333333D+00 -0.33333333333333D+00  0.33333333333333D+00
            0.41666666666667D+00 -0.33333333333333D+00  0.33333333333333D+00
            0.50000000000000D+00 -0.33333333333333D+00  0.33333333333333D+00
           -0.41666666666667D+00 -0.33333333333333D+00  0.33333333333333D+00
           -0.33333333333333D+00 -0.33333333333333D+00  0.33333333333333D+00
           -0.25000000000000D+00 -0.33333333333333D+00  0.33333333333333D+00
           -0.16666666666667D+00 -0.33333333333333D+00  0.33333333333333D+00
           -0.83333333333333D-01 -0.33333333333333D+00  0.33333333333333D+00
            0.00000000000000D+00 -0.25000000000000D+00  0.33333333333333D+00
            0.83333333333333D-01 -0.25000000000000D+00  0.33333333333333D+00
            0.16666666666667D+00 -0.25000000000000D+00  0.33333333333333D+00
            0.25000000000000D+00 -0.25000000000000D+00  0.33333333333333D+00
            0.33333333333333D+00 -0.25000000000000D+00  0.33333333333333D+00
            0.41666666666667D+00 -0.25000000000000D+00  0.33333333333333D+00
            0.50000000000000D+00 -0.25000000000000D+00  0.33333333333333D+00
           -0.41666666666667D+00 -0.25000000000000D+00  0.33333333333333D+00
           -0.33333333333333D+00 -0.25000000000000D+00  0.33333333333333D+00
           -0.25000000000000D+00 -0.25000000000000D+00  0.33333333333333D+00
           -0.16666666666667D+00 -0.25000000000000D+00  0.33333333333333D+00
           -0.83333333333333D-01 -0.25000000000000D+00  0.33333333333333D+00
            0.00000000000000D+00 -0.16666666666667D+00  0.33333333333333D+00
            0.83333333333333D-01 -0.16666666666667D+00  0.33333333333333D+00
            0.16666666666667D+00 -0.16666666666667D+00  0.33333333333333D+00
            0.25000000000000D+00 -0.16666666666667D+00  0.33333333333333D+00
            0.33333333333333D+00 -0.16666666666667D+00  0.33333333333333D+00
            0.41666666666667D+00 -0.16666666666667D+00  0.33333333333333D+00
            0.50000000000000D+00 -0.16666666666667D+00  0.33333333333333D+00
           -0.41666666666667D+00 -0.16666666666667D+00  0.33333333333333D+00
           -0.33333333333333D+00 -0.16666666666667D+00  0.33333333333333D+00
           -0.25000000000000D+00 -0.16666666666667D+00  0.33333333333333D+00
           -0.16666666666667D+00 -0.16666666666667D+00  0.33333333333333D+00
           -0.83333333333333D-01 -0.16666666666667D+00  0.33333333333333D+00
            0.00000000000000D+00 -0.83333333333333D-01  0.33333333333333D+00
            0.83333333333333D-01 -0.83333333333333D-01  0.33333333333333D+00
            0.16666666666667D+00 -0.83333333333333D-01  0.33333333333333D+00
            0.25000000000000D+00 -0.83333333333333D-01  0.33333333333333D+00
            0.33333333333333D+00 -0.83333333333333D-01  0.33333333333333D+00
            0.41666666666667D+00 -0.83333333333333D-01  0.33333333333333D+00
            0.50000000000000D+00 -0.83333333333333D-01  0.33333333333333D+00
           -0.41666666666667D+00 -0.83333333333333D-01  0.33333333333333D+00
           -0.33333333333333D+00 -0.83333333333333D-01  0.33333333333333D+00
           -0.25000000000000D+00 -0.83333333333333D-01  0.33333333333333D+00
           -0.16666666666667D+00 -0.83333333333333D-01  0.33333333333333D+00
           -0.83333333333333D-01 -0.83333333333333D-01  0.33333333333333D+00
            0.00000000000000D+00  0.00000000000000D+00  0.41666666666667D+00
            0.83333333333333D-01  0.00000000000000D+00  0.41666666666667D+00
            0.16666666666667D+00  0.00000000000000D+00  0.41666666666667D+00
            0.25000000000000D+00  0.00000000000000D+00  0.41666666666667D+00
            0.33333333333333D+00  0.00000000000000D+00  0.41666666666667D+00
            0.41666666666667D+00  0.00000000000000D+00  0.41666666666667D+00
            0.50000000000000D+00  0.00000000000000D+00  0.41666666666667D+00
           -0.41666666666667D+00  0.00000000000000D+00  0.41666666666667D+00
           -0.33333333333333D+00  0.00000000000000D+00  0.41666666666667D+00
           -0.25000000000000D+00  0.00000000000000D+00  0.41666666666667D+00
           -0.16666666666667D+00  0.00000000000000D+00  0.41666666666667D+00
           -0.83333333333333D-01  0.00000000000000D+00  0.41666666666667D+00
            0.00000000000000D+00  0.83333333333333D-01  0.41666666666667D+00
            0.83333333333333D-01  0.83333333333333D-01  0.41666666666667D+00
            0.16666666666667D+00  0.83333333333333D-01  0.41666666666667D+00
            0.25000000000000D+00  0.83333333333333D-01  0.41666666666667D+00
            0.33333333333333D+00  0.83333333333333D-01  0.41666666666667D+00
            0.41666666666667D+00  0.83333333333333D-01  0.41666666666667D+00
            0.50000000000000D+00  0.83333333333333D-01  0.41666666666667D+00
           -0.41666666666667D+00  0.83333333333333D-01  0.41666666666667D+00
           -0.33333333333333D+00  0.83333333333333D-01  0.41666666666667D+00
           -0.25000000000000D+00  0.83333333333333D-01  0.41666666666667D+00
           -0.16666666666667D+00  0.83333333333333D-01  0.41666666666667D+00
           -0.83333333333333D-01  0.83333333333333D-01  0.41666666666667D+00
            0.00000000000000D+00  0.16666666666667D+00  0.41666666666667D+00
            0.83333333333333D-01  0.16666666666667D+00  0.41666666666667D+00
            0.16666666666667D+00  0.16666666666667D+00  0.41666666666667D+00
            0.25000000000000D+00  0.16666666666667D+00  0.41666666666667D+00
            0.33333333333333D+00  0.16666666666667D+00  0.41666666666667D+00
            0.41666666666667D+00  0.16666666666667D+00  0.41666666666667D+00
            0.50000000000000D+00  0.16666666666667D+00  0.41666666666667D+00
           -0.41666666666667D+00  0.16666666666667D+00  0.41666666666667D+00
           -0.33333333333333D+00  0.16666666666667D+00  0.41666666666667D+00
           -0.25000000000000D+00  0.16666666666667D+00  0.41666666666667D+00
           -0.16666666666667D+00  0.16666666666667D+00  0.41666666666667D+00
           -0.83333333333333D-01  0.16666666666667D+00  0.41666666666667D+00
            0.00000000000000D+00  0.25000000000000D+00  0.41666666666667D+00
            0.83333333333333D-01  0.25000000000000D+00  0.41666666666667D+00
            0.16666666666667D+00  0.25000000000000D+00  0.41666666666667D+00
            0.25000000000000D+00  0.25000000000000D+00  0.41666666666667D+00
            0.33333333333333D+00  0.25000000000000D+00  0.41666666666667D+00
            0.41666666666667D+00  0.25000000000000D+00  0.41666666666667D+00
            0.50000000000000D+00  0.25000000000000D+00  0.41666666666667D+00
           -0.41666666666667D+00  0.25000000000000D+00  0.41666666666667D+00
           -0.33333333333333D+00  0.25000000000000D+00  0.41666666666667D+00
           -0.25000000000000D+00  0.25000000000000D+00  0.41666666666667D+00
           -0.16666666666667D+00  0.25000000000000D+00  0.41666666666667D+00
           -0.83333333333333D-01  0.25000000000000D+00  0.41666666666667D+00
            0.00000000000000D+00  0.33333333333333D+00  0.41666666666667D+00
            0.83333333333333D-01  0.33333333333333D+00  0.41666666666667D+00
            0.16666666666667D+00  0.33333333333333D+00  0.41666666666667D+00
            0.25000000000000D+00  0.33333333333333D+00  0.41666666666667D+00
            0.33333333333333D+00  0.33333333333333D+00  0.41666666666667D+00
            0.41666666666667D+00  0.33333333333333D+00  0.41666666666667D+00
            0.50000000000000D+00  0.33333333333333D+00  0.41666666666667D+00
           -0.41666666666667D+00  0.33333333333333D+00  0.41666666666667D+00
           -0.33333333333333D+00  0.33333333333333D+00  0.41666666666667D+00
           -0.25000000000000D+00  0.33333333333333D+00  0.41666666666667D+00
           -0.16666666666667D+00  0.33333333333333D+00  0.41666666666667D+00
           -0.83333333333333D-01  0.33333333333333D+00  0.41666666666667D+00
            0.00000000000000D+00  0.41666666666667D+00  0.41666666666667D+00
            0.83333333333333D-01  0.41666666666667D+00  0.41666666666667D+00
            0.16666666666667D+00  0.41666666666667D+00  0.41666666666667D+00
            0.25000000000000D+00  0.41666666666667D+00  0.41666666666667D+00
            0.33333333333333D+00  0.41666666666667D+00  0.41666666666667D+00
            0.41666666666667D+00  0.41666666666667D+00  0.41666666666667D+00
            0.50000000000000D+00  0.41666666666667D+00  0.41666666666667D+00
           -0.41666666666667D+00  0.41666666666667D+00  0.41666666666667D+00
           -0.33333333333333D+00  0.41666666666667D+00  0.41666666666667D+00
           -0.25000000000000D+00  0.41666666666667D+00  0.41666666666667D+00
           -0.16666666666667D+00  0.41666666666667D+00  0.41666666666667D+00
           -0.83333333333333D-01  0.41666666666667D+00  0.41666666666667D+00
            0.00000000000000D+00  0.50000000000000D+00  0.41666666666667D+00
            0.83333333333333D-01  0.50000000000000D+00  0.41666666666667D+00
            0.16666666666667D+00  0.50000000000000D+00  0.41666666666667D+00
            0.25000000000000D+00  0.50000000000000D+00  0.41666666666667D+00
            0.33333333333333D+00  0.50000000000000D+00  0.41666666666667D+00
            0.41666666666667D+00  0.50000000000000D+00  0.41666666666667D+00
            0.50000000000000D+00  0.50000000000000D+00  0.41666666666667D+00
           -0.41666666666667D+00  0.50000000000000D+00  0.41666666666667D+00
           -0.33333333333333D+00  0.50000000000000D+00  0.41666666666667D+00
           -0.25000000000000D+00  0.50000000000000D+00  0.41666666666667D+00
           -0.16666666666667D+00  0.50000000000000D+00  0.41666666666667D+00
           -0.83333333333333D-01  0.50000000000000D+00  0.41666666666667D+00
            0.00000000000000D+00 -0.41666666666667D+00  0.41666666666667D+00
            0.83333333333333D-01 -0.41666666666667D+00  0.41666666666667D+00
            0.16666666666667D+00 -0.41666666666667D+00  0.41666666666667D+00
            0.25000000000000D+00 -0.41666666666667D+00  0.41666666666667D+00
            0.33333333333333D+00 -0.41666666666667D+00  0.41666666666667D+00
            0.41666666666667D+00 -0.41666666666667D+00  0.41666666666667D+00
            0.50000000000000D+00 -0.41666666666667D+00  0.41666666666667D+00
           -0.41666666666667D+00 -0.41666666666667D+00  0.41666666666667D+00
           -0.33333333333333D+00 -0.41666666666667D+00  0.41666666666667D+00
           -0.25000000000000D+00 -0.41666666666667D+00  0.41666666666667D+00
           -0.16666666666667D+00 -0.41666666666667D+00  0.41666666666667D+00
           -0.83333333333333D-01 -0.41666666666667D+00  0.41666666666667D+00
            0.00000000000000D+00 -0.33333333333333D+00  0.41666666666667D+00
            0.83333333333333D-01 -0.33333333333333D+00  0.41666666666667D+00
            0.16666666666667D+00 -0.33333333333333D+00  0.41666666666667D+00
            0.25000000000000D+00 -0.33333333333333D+00  0.41666666666667D+00
            0.33333333333333D+00 -0.33333333333333D+00  0.41666666666667D+00
            0.41666666666667D+00 -0.33333333333333D+00  0.41666666666667D+00
            0.50000000000000D+00 -0.33333333333333D+00  0.41666666666667D+00
           -0.41666666666667D+00 -0.33333333333333D+00  0.41666666666667D+00
           -0.33333333333333D+00 -0.33333333333333D+00  0.41666666666667D+00
           -0.25000000000000D+00 -0.33333333333333D+00  0.41666666666667D+00
           -0.16666666666667D+00 -0.33333333333333D+00  0.41666666666667D+00
           -0.83333333333333D-01 -0.33333333333333D+00  0.41666666666667D+00
            0.00000000000000D+00 -0.25000000000000D+00  0.41666666666667D+00
            0.83333333333333D-01 -0.25000000000000D+00  0.41666666666667D+00
            0.16666666666667D+00 -0.25000000000000D+00  0.41666666666667D+00
            0.25000000000000D+00 -0.25000000000000D+00  0.41666666666667D+00
            0.33333333333333D+00 -0.25000000000000D+00  0.41666666666667D+00
            0.41666666666667D+00 -0.25000000000000D+00  0.41666666666667D+00
            0.50000000000000D+00 -0.25000000000000D+00  0.41666666666667D+00
           -0.41666666666667D+00 -0.25000000000000D+00  0.41666666666667D+00
           -0.33333333333333D+00 -0.25000000000000D+00  0.41666666666667D+00
           -0.25000000000000D+00 -0.25000000000000D+00  0.41666666666667D+00
           -0.16666666666667D+00 -0.25000000000000D+00  0.41666666666667D+00
           -0.83333333333333D-01 -0.25000000000000D+00  0.41666666666667D+00
            0.00000000000000D+00 -0.16666666666667D+00  0.41666666666667D+00
            0.83333333333333D-01 -0.16666666666667D+00  0.41666666666667D+00
            0.16666666666667D+00 -0.16666666666667D+00  0.41666666666667D+00
            0.25000000000000D+00 -0.16666666666667D+00  0.41666666666667D+00
            0.33333333333333D+00 -0.16666666666667D+00  0.41666666666667D+00
            0.41666666666667D+00 -0.16666666666667D+00  0.41666666666667D+00
            0.50000000000000D+00 -0.16666666666667D+00  0.41666666666667D+00
           -0.41666666666667D+00 -0.16666666666667D+00  0.41666666666667D+00
           -0.33333333333333D+00 -0.16666666666667D+00  0.41666666666667D+00
           -0.25000000000000D+00 -0.16666666666667D+00  0.41666666666667D+00
           -0.16666666666667D+00 -0.16666666666667D+00  0.41666666666667D+00
           -0.83333333333333D-01 -0.16666666666667D+00  0.41666666666667D+00
            0.00000000000000D+00 -0.83333333333333D-01  0.41666666666667D+00
            0.83333333333333D-01 -0.83333333333333D-01  0.41666666666667D+00
            0.16666666666667D+00 -0.83333333333333D-01  0.41666666666667D+00
            0.25000000000000D+00 -0.83333333333333D-01  0.41666666666667D+00
            0.33333333333333D+00 -0.83333333333333D-01  0.41666666666667D+00
            0.41666666666667D+00 -0.83333333333333D-01  0.41666666666667D+00
            0.50000000000000D+00 -0.83333333333333D-01  0.41666666666667D+00
           -0.41666666666667D+00 -0.83333333333333D-01  0.41666666666667D+00
           -0.33333333333333D+00 -0.83333333333333D-01  0.41666666666667D+00
           -0.25000000000000D+00 -0.83333333333333D-01  0.41666666666667D+00
           -0.16666666666667D+00 -0.83333333333333D-01  0.41666666666667D+00
           -0.83333333333333D-01 -0.83333333333333D-01  0.41666666666667D+00
            0.00000000000000D+00  0.00000000000000D+00  0.50000000000000D+00
            0.83333333333333D-01  0.00000000000000D+00  0.50000000000000D+00
            0.16666666666667D+00  0.00000000000000D+00  0.50000000000000D+00
            0.25000000000000D+00  0.00000000000000D+00  0.50000000000000D+00
            0.33333333333333D+00  0.00000000000000D+00  0.50000000000000D+00
            0.41666666666667D+00  0.00000000000000D+00  0.50000000000000D+00
            0.50000000000000D+00  0.00000000000000D+00  0.50000000000000D+00
            0.00000000000000D+00  0.83333333333333D-01  0.50000000000000D+00
            0.83333333333333D-01  0.83333333333333D-01  0.50000000000000D+00
            0.16666666666667D+00  0.83333333333333D-01  0.50000000000000D+00
            0.25000000000000D+00  0.83333333333333D-01  0.50000000000000D+00
            0.33333333333333D+00  0.83333333333333D-01  0.50000000000000D+00
            0.41666666666667D+00  0.83333333333333D-01  0.50000000000000D+00
            0.50000000000000D+00  0.83333333333333D-01  0.50000000000000D+00
           -0.41666666666667D+00  0.83333333333333D-01  0.50000000000000D+00
           -0.33333333333333D+00  0.83333333333333D-01  0.50000000000000D+00
           -0.25000000000000D+00  0.83333333333333D-01  0.50000000000000D+00
           -0.16666666666667D+00  0.83333333333333D-01  0.50000000000000D+00
           -0.83333333333333D-01  0.83333333333333D-01  0.50000000000000D+00
            0.00000000000000D+00  0.16666666666667D+00  0.50000000000000D+00
            0.83333333333333D-01  0.16666666666667D+00  0.50000000000000D+00
            0.16666666666667D+00  0.16666666666667D+00  0.50000000000000D+00
            0.25000000000000D+00  0.16666666666667D+00  0.50000000000000D+00
            0.33333333333333D+00  0.16666666666667D+00  0.50000000000000D+00
            0.41666666666667D+00  0.16666666666667D+00  0.50000000000000D+00
            0.50000000000000D+00  0.16666666666667D+00  0.50000000000000D+00
           -0.41666666666667D+00  0.16666666666667D+00  0.50000000000000D+00
           -0.33333333333333D+00  0.16666666666667D+00  0.50000000000000D+00
           -0.25000000000000D+00  0.16666666666667D+00  0.50000000000000D+00
           -0.16666666666667D+00  0.16666666666667D+00  0.50000000000000D+00
           -0.83333333333333D-01  0.16666666666667D+00  0.50000000000000D+00
            0.00000000000000D+00  0.25000000000000D+00  0.50000000000000D+00
            0.83333333333333D-01  0.25000000000000D+00  0.50000000000000D+00
            0.16666666666667D+00  0.25000000000000D+00  0.50000000000000D+00
            0.25000000000000D+00  0.25000000000000D+00  0.50000000000000D+00
            0.33333333333333D+00  0.25000000000000D+00  0.50000000000000D+00
            0.41666666666667D+00  0.25000000000000D+00  0.50000000000000D+00
            0.50000000000000D+00  0.25000000000000D+00  0.50000000000000D+00
           -0.41666666666667D+00  0.25000000000000D+00  0.50000000000000D+00
           -0.33333333333333D+00  0.25000000000000D+00  0.50000000000000D+00
           -0.25000000000000D+00  0.25000000000000D+00  0.50000000000000D+00
           -0.16666666666667D+00  0.25000000000000D+00  0.50000000000000D+00
           -0.83333333333333D-01  0.25000000000000D+00  0.50000000000000D+00
            0.00000000000000D+00  0.33333333333333D+00  0.50000000000000D+00
            0.83333333333333D-01  0.33333333333333D+00  0.50000000000000D+00
            0.16666666666667D+00  0.33333333333333D+00  0.50000000000000D+00
            0.25000000000000D+00  0.33333333333333D+00  0.50000000000000D+00
            0.33333333333333D+00  0.33333333333333D+00  0.50000000000000D+00
            0.41666666666667D+00  0.33333333333333D+00  0.50000000000000D+00
            0.50000000000000D+00  0.33333333333333D+00  0.50000000000000D+00
           -0.41666666666667D+00  0.33333333333333D+00  0.50000000000000D+00
           -0.33333333333333D+00  0.33333333333333D+00  0.50000000000000D+00
           -0.25000000000000D+00  0.33333333333333D+00  0.50000000000000D+00
           -0.16666666666667D+00  0.33333333333333D+00  0.50000000000000D+00
           -0.83333333333333D-01  0.33333333333333D+00  0.50000000000000D+00
            0.00000000000000D+00  0.41666666666667D+00  0.50000000000000D+00
            0.83333333333333D-01  0.41666666666667D+00  0.50000000000000D+00
            0.16666666666667D+00  0.41666666666667D+00  0.50000000000000D+00
            0.25000000000000D+00  0.41666666666667D+00  0.50000000000000D+00
            0.33333333333333D+00  0.41666666666667D+00  0.50000000000000D+00
            0.41666666666667D+00  0.41666666666667D+00  0.50000000000000D+00
            0.50000000000000D+00  0.41666666666667D+00  0.50000000000000D+00
           -0.41666666666667D+00  0.41666666666667D+00  0.50000000000000D+00
           -0.33333333333333D+00  0.41666666666667D+00  0.50000000000000D+00
           -0.25000000000000D+00  0.41666666666667D+00  0.50000000000000D+00
           -0.16666666666667D+00  0.41666666666667D+00  0.50000000000000D+00
           -0.83333333333333D-01  0.41666666666667D+00  0.50000000000000D+00
            0.00000000000000D+00  0.50000000000000D+00  0.50000000000000D+00
            0.83333333333333D-01  0.50000000000000D+00  0.50000000000000D+00
            0.16666666666667D+00  0.50000000000000D+00  0.50000000000000D+00
            0.25000000000000D+00  0.50000000000000D+00  0.50000000000000D+00
            0.33333333333333D+00  0.50000000000000D+00  0.50000000000000D+00
            0.41666666666667D+00  0.50000000000000D+00  0.50000000000000D+00
            0.50000000000000D+00  0.50000000000000D+00  0.50000000000000D+00
    kptnrm  0.10000000000000D+01
     ngfft        60   60   60
    nspden         1
   nspinor         1
       occ  0.20000000000000D+01  0.20000000000000D+01  0.20000000000000D+01
            0.20000000000000D+01  0.20000000000000D+01  0.20000000000000D+01
            0.20000000000000D+01  0.20000000000000D+01  0.20000000000000D+01
            0.20000000000000D+01  0.20000000000000D+01  0.20000000000000D+01
            0.20000000000000D+01  0.20000000000000D+01  0.20000000000000D+01
            0.14239405966381D-06  0.14144302966830D-06  0.00000000000000D+00
     rprim  0.68677859000000D+01  0.17055560000000D+00  0.10926757000000D+02
            0.32769269000000D+01  0.60379896000000D+01  0.10926757000000D+02
            0.27868780000000D+00  0.17055590000000D+00  0.12902823000000D+02
  dfpt_sciss  0.00000000000000D+00
    spinat  0.00000000000000D+00  0.00000000000000D+00  0.00000000000000D+00
            0.00000000000000D+00  0.00000000000000D+00  0.00000000000000D+00
            0.00000000000000D+00  0.00000000000000D+00  0.00000000000000D+00
    symafm         1
    symrel         1    0    0    0    1    0    0    0    1
     tnons  0.00000000000000D+00  0.00000000000000D+00  0.00000000000000D+00
    tolwfr  0.10000000000000D+01
   tphysel  0.00000000000000D+00
    tsmear  0.31668154197285D-02
     typat         1    2    2
       wtk  0.57870370370370D-03  0.11574074074074D-02  0.11574074074074D-02
            0.11574074074074D-02  0.11574074074074D-02  0.11574074074074D-02
            0.57870370370370D-03  0.11574074074074D-02  0.11574074074074D-02
            0.11574074074074D-02  0.11574074074074D-02  0.11574074074074D-02
            0.11574074074074D-02  0.11574074074074D-02  0.11574074074074D-02
            0.11574074074074D-02  0.11574074074074D-02  0.11574074074074D-02
            0.11574074074074D-02  0.11574074074074D-02  0.11574074074074D-02
            0.11574074074074D-02  0.11574074074074D-02  0.11574074074074D-02
            0.11574074074074D-02  0.11574074074074D-02  0.11574074074074D-02
            0.11574074074074D-02  0.11574074074074D-02  0.11574074074074D-02
            0.11574074074074D-02  0.11574074074074D-02  0.11574074074074D-02
            0.11574074074074D-02  0.11574074074074D-02  0.11574074074074D-02
            0.11574074074074D-02  0.11574074074074D-02  0.11574074074074D-02
            0.11574074074074D-02  0.11574074074074D-02  0.11574074074074D-02
            0.11574074074074D-02  0.11574074074074D-02  0.11574074074074D-02
            0.11574074074074D-02  0.11574074074074D-02  0.11574074074074D-02
            0.11574074074074D-02  0.11574074074074D-02  0.11574074074074D-02
            0.11574074074074D-02  0.11574074074074D-02  0.11574074074074D-02
            0.11574074074074D-02  0.11574074074074D-02  0.11574074074074D-02
            0.11574074074074D-02  0.11574074074074D-02  0.11574074074074D-02
            0.11574074074074D-02  0.11574074074074D-02  0.11574074074074D-02
            0.11574074074074D-02  0.11574074074074D-02  0.11574074074074D-02
            0.11574074074074D-02  0.57870370370370D-03  0.11574074074074D-02
            0.11574074074074D-02  0.11574074074074D-02  0.11574074074074D-02
            0.11574074074074D-02  0.57870370370370D-03  0.11574074074074D-02
            0.11574074074074D-02  0.11574074074074D-02  0.11574074074074D-02
            0.11574074074074D-02  0.11574074074074D-02  0.11574074074074D-02
            0.11574074074074D-02  0.11574074074074D-02  0.11574074074074D-02
            0.11574074074074D-02  0.11574074074074D-02  0.11574074074074D-02
            0.11574074074074D-02  0.11574074074074D-02  0.11574074074074D-02
            0.11574074074074D-02  0.11574074074074D-02  0.11574074074074D-02
            0.11574074074074D-02  0.11574074074074D-02  0.11574074074074D-02
            0.11574074074074D-02  0.11574074074074D-02  0.11574074074074D-02
            0.11574074074074D-02  0.11574074074074D-02  0.11574074074074D-02
            0.11574074074074D-02  0.11574074074074D-02  0.11574074074074D-02
            0.11574074074074D-02  0.11574074074074D-02  0.11574074074074D-02
            0.11574074074074D-02  0.11574074074074D-02  0.11574074074074D-02
            0.11574074074074D-02  0.11574074074074D-02  0.11574074074074D-02
            0.11574074074074D-02  0.11574074074074D-02  0.11574074074074D-02
            0.11574074074074D-02  0.11574074074074D-02  0.11574074074074D-02
            0.11574074074074D-02  0.11574074074074D-02  0.11574074074074D-02
            0.11574074074074D-02  0.11574074074074D-02  0.11574074074074D-02
            0.11574074074074D-02  0.11574074074074D-02  0.11574074074074D-02
            0.11574074074074D-02  0.11574074074074D-02  0.11574074074074D-02
            0.11574074074074D-02  0.11574074074074D-02  0.11574074074074D-02
            0.11574074074074D-02  0.11574074074074D-02  0.11574074074074D-02
            0.11574074074074D-02  0.11574074074074D-02  0.11574074074074D-02
            0.11574074074074D-02  0.11574074074074D-02  0.11574074074074D-02
            0.11574074074074D-02  0.11574074074074D-02  0.11574074074074D-02
            0.11574074074074D-02  0.11574074074074D-02  0.11574074074074D-02
            0.11574074074074D-02  0.11574074074074D-02  0.11574074074074D-02
            0.11574074074074D-02  0.11574074074074D-02  0.11574074074074D-02
            0.11574074074074D-02  0.11574074074074D-02  0.11574074074074D-02
            0.11574074074074D-02  0.11574074074074D-02  0.11574074074074D-02
            0.11574074074074D-02  0.11574074074074D-02  0.11574074074074D-02
            0.11574074074074D-02  0.11574074074074D-02  0.11574074074074D-02
            0.11574074074074D-02  0.11574074074074D-02  0.11574074074074D-02
            0.11574074074074D-02  0.11574074074074D-02  0.11574074074074D-02
            0.11574074074074D-02  0.11574074074074D-02  0.11574074074074D-02
            0.11574074074074D-02  0.11574074074074D-02  0.11574074074074D-02
            0.11574074074074D-02  0.11574074074074D-02  0.11574074074074D-02
            0.11574074074074D-02  0.11574074074074D-02  0.11574074074074D-02
            0.11574074074074D-02  0.11574074074074D-02  0.11574074074074D-02
            0.11574074074074D-02  0.11574074074074D-02  0.11574074074074D-02
            0.11574074074074D-02  0.11574074074074D-02  0.11574074074074D-02
            0.11574074074074D-02  0.11574074074074D-02  0.11574074074074D-02
            0.11574074074074D-02  0.11574074074074D-02  0.11574074074074D-02
            0.11574074074074D-02  0.11574074074074D-02  0.11574074074074D-02
            0.11574074074074D-02  0.11574074074074D-02  0.11574074074074D-02
            0.11574074074074D-02  0.11574074074074D-02  0.11574074074074D-02
            0.11574074074074D-02  0.11574074074074D-02  0.11574074074074D-02
            0.11574074074074D-02  0.11574074074074D-02  0.11574074074074D-02
            0.11574074074074D-02  0.11574074074074D-02  0.11574074074074D-02
            0.11574074074074D-02  0.11574074074074D-02  0.11574074074074D-02
            0.11574074074074D-02  0.11574074074074D-02  0.11574074074074D-02
            0.11574074074074D-02  0.11574074074074D-02  0.11574074074074D-02
            0.11574074074074D-02  0.11574074074074D-02  0.11574074074074D-02
            0.11574074074074D-02  0.11574074074074D-02  0.11574074074074D-02
            0.11574074074074D-02  0.11574074074074D-02  0.11574074074074D-02
            0.11574074074074D-02  0.11574074074074D-02  0.11574074074074D-02
            0.11574074074074D-02  0.11574074074074D-02  0.11574074074074D-02
            0.11574074074074D-02  0.11574074074074D-02  0.11574074074074D-02
            0.11574074074074D-02  0.11574074074074D-02  0.11574074074074D-02
            0.11574074074074D-02  0.11574074074074D-02  0.11574074074074D-02
            0.11574074074074D-02  0.11574074074074D-02  0.11574074074074D-02
            0.11574074074074D-02  0.11574074074074D-02  0.11574074074074D-02
            0.11574074074074D-02  0.11574074074074D-02  0.11574074074074D-02
            0.11574074074074D-02  0.11574074074074D-02  0.11574074074074D-02
            0.11574074074074D-02  0.11574074074074D-02  0.11574074074074D-02
            0.11574074074074D-02  0.11574074074074D-02  0.11574074074074D-02
            0.11574074074074D-02  0.11574074074074D-02  0.11574074074074D-02
            0.11574074074074D-02  0.11574074074074D-02  0.11574074074074D-02
            0.11574074074074D-02  0.11574074074074D-02  0.11574074074074D-02
            0.11574074074074D-02  0.11574074074074D-02  0.11574074074074D-02
            0.11574074074074D-02  0.11574074074074D-02  0.11574074074074D-02
            0.11574074074074D-02  0.11574074074074D-02  0.11574074074074D-02
            0.11574074074074D-02  0.11574074074074D-02  0.11574074074074D-02
            0.11574074074074D-02  0.11574074074074D-02  0.11574074074074D-02
            0.11574074074074D-02  0.11574074074074D-02  0.11574074074074D-02
            0.11574074074074D-02  0.11574074074074D-02  0.11574074074074D-02
            0.11574074074074D-02  0.11574074074074D-02  0.11574074074074D-02
            0.11574074074074D-02  0.11574074074074D-02  0.11574074074074D-02
            0.11574074074074D-02  0.11574074074074D-02  0.11574074074074D-02
            0.11574074074074D-02  0.11574074074074D-02  0.11574074074074D-02
            0.11574074074074D-02  0.11574074074074D-02  0.11574074074074D-02
            0.11574074074074D-02  0.11574074074074D-02  0.11574074074074D-02
            0.11574074074074D-02  0.11574074074074D-02  0.11574074074074D-02
            0.11574074074074D-02  0.11574074074074D-02  0.11574074074074D-02
            0.11574074074074D-02  0.11574074074074D-02  0.11574074074074D-02
            0.11574074074074D-02  0.11574074074074D-02  0.11574074074074D-02
            0.11574074074074D-02  0.11574074074074D-02  0.11574074074074D-02
            0.11574074074074D-02  0.11574074074074D-02  0.11574074074074D-02
            0.11574074074074D-02  0.11574074074074D-02  0.11574074074074D-02
            0.11574074074074D-02  0.11574074074074D-02  0.11574074074074D-02
            0.11574074074074D-02  0.11574074074074D-02  0.11574074074074D-02
            0.11574074074074D-02  0.11574074074074D-02  0.11574074074074D-02
            0.11574074074074D-02  0.11574074074074D-02  0.11574074074074D-02
            0.11574074074074D-02  0.11574074074074D-02  0.11574074074074D-02
            0.11574074074074D-02  0.11574074074074D-02  0.11574074074074D-02
            0.11574074074074D-02  0.11574074074074D-02  0.11574074074074D-02
            0.11574074074074D-02  0.11574074074074D-02  0.11574074074074D-02
            0.11574074074074D-02  0.11574074074074D-02  0.11574074074074D-02
            0.11574074074074D-02  0.11574074074074D-02  0.11574074074074D-02
            0.11574074074074D-02  0.11574074074074D-02  0.11574074074074D-02
            0.11574074074074D-02  0.11574074074074D-02  0.11574074074074D-02
            0.11574074074074D-02  0.11574074074074D-02  0.11574074074074D-02
            0.11574074074074D-02  0.11574074074074D-02  0.11574074074074D-02
            0.11574074074074D-02  0.11574074074074D-02  0.11574074074074D-02
            0.11574074074074D-02  0.11574074074074D-02  0.11574074074074D-02
            0.11574074074074D-02  0.11574074074074D-02  0.11574074074074D-02
            0.11574074074074D-02  0.11574074074074D-02  0.11574074074074D-02
            0.11574074074074D-02  0.11574074074074D-02  0.11574074074074D-02
            0.11574074074074D-02  0.11574074074074D-02  0.11574074074074D-02
            0.11574074074074D-02  0.11574074074074D-02  0.11574074074074D-02
            0.11574074074074D-02  0.11574074074074D-02  0.11574074074074D-02
            0.11574074074074D-02  0.11574074074074D-02  0.11574074074074D-02
            0.11574074074074D-02  0.11574074074074D-02  0.11574074074074D-02
            0.11574074074074D-02  0.11574074074074D-02  0.11574074074074D-02
            0.11574074074074D-02  0.11574074074074D-02  0.11574074074074D-02
            0.11574074074074D-02  0.11574074074074D-02  0.11574074074074D-02
            0.11574074074074D-02  0.11574074074074D-02  0.11574074074074D-02
            0.11574074074074D-02  0.11574074074074D-02  0.11574074074074D-02
            0.11574074074074D-02  0.11574074074074D-02  0.11574074074074D-02
            0.11574074074074D-02  0.11574074074074D-02  0.11574074074074D-02
            0.11574074074074D-02  0.11574074074074D-02  0.11574074074074D-02
            0.11574074074074D-02  0.11574074074074D-02  0.11574074074074D-02
            0.11574074074074D-02  0.11574074074074D-02  0.11574074074074D-02
            0.11574074074074D-02  0.11574074074074D-02  0.11574074074074D-02
            0.11574074074074D-02  0.11574074074074D-02  0.11574074074074D-02
            0.11574074074074D-02  0.11574074074074D-02  0.11574074074074D-02
            0.11574074074074D-02  0.11574074074074D-02  0.11574074074074D-02
            0.11574074074074D-02  0.11574074074074D-02  0.11574074074074D-02
            0.11574074074074D-02  0.11574074074074D-02  0.11574074074074D-02
            0.11574074074074D-02  0.11574074074074D-02  0.11574074074074D-02
            0.11574074074074D-02  0.11574074074074D-02  0.11574074074074D-02
            0.11574074074074D-02  0.11574074074074D-02  0.11574074074074D-02
            0.11574074074074D-02  0.11574074074074D-02  0.11574074074074D-02
            0.11574074074074D-02  0.11574074074074D-02  0.11574074074074D-02
            0.11574074074074D-02  0.11574074074074D-02  0.11574074074074D-02
            0.11574074074074D-02  0.11574074074074D-02  0.11574074074074D-02
            0.11574074074074D-02  0.11574074074074D-02  0.11574074074074D-02
            0.11574074074074D-02  0.11574074074074D-02  0.11574074074074D-02
            0.11574074074074D-02  0.11574074074074D-02  0.11574074074074D-02
            0.11574074074074D-02  0.11574074074074D-02  0.11574074074074D-02
            0.11574074074074D-02  0.11574074074074D-02  0.11574074074074D-02
            0.11574074074074D-02  0.11574074074074D-02  0.11574074074074D-02
            0.11574074074074D-02  0.11574074074074D-02  0.11574074074074D-02
            0.11574074074074D-02  0.11574074074074D-02  0.11574074074074D-02
            0.11574074074074D-02  0.11574074074074D-02  0.11574074074074D-02
            0.11574074074074D-02  0.11574074074074D-02  0.11574074074074D-02
            0.11574074074074D-02  0.11574074074074D-02  0.11574074074074D-02
            0.11574074074074D-02  0.11574074074074D-02  0.11574074074074D-02
            0.11574074074074D-02  0.11574074074074D-02  0.11574074074074D-02
            0.11574074074074D-02  0.11574074074074D-02  0.11574074074074D-02
            0.11574074074074D-02  0.11574074074074D-02  0.11574074074074D-02
            0.11574074074074D-02  0.11574074074074D-02  0.11574074074074D-02
            0.11574074074074D-02  0.11574074074074D-02  0.11574074074074D-02
            0.11574074074074D-02  0.11574074074074D-02  0.11574074074074D-02
            0.11574074074074D-02  0.11574074074074D-02  0.11574074074074D-02
            0.11574074074074D-02  0.11574074074074D-02  0.11574074074074D-02
            0.11574074074074D-02  0.11574074074074D-02  0.11574074074074D-02
            0.11574074074074D-02  0.11574074074074D-02  0.11574074074074D-02
            0.11574074074074D-02  0.11574074074074D-02  0.11574074074074D-02
            0.11574074074074D-02  0.11574074074074D-02  0.11574074074074D-02
            0.11574074074074D-02  0.11574074074074D-02  0.11574074074074D-02
            0.11574074074074D-02  0.11574074074074D-02  0.11574074074074D-02
            0.11574074074074D-02  0.11574074074074D-02  0.11574074074074D-02
            0.11574074074074D-02  0.11574074074074D-02  0.11574074074074D-02
            0.11574074074074D-02  0.11574074074074D-02  0.11574074074074D-02
            0.11574074074074D-02  0.11574074074074D-02  0.11574074074074D-02
            0.11574074074074D-02  0.11574074074074D-02  0.11574074074074D-02
            0.11574074074074D-02  0.11574074074074D-02  0.11574074074074D-02
            0.11574074074074D-02  0.11574074074074D-02  0.11574074074074D-02
            0.11574074074074D-02  0.11574074074074D-02  0.11574074074074D-02
            0.11574074074074D-02  0.11574074074074D-02  0.11574074074074D-02
            0.11574074074074D-02  0.11574074074074D-02  0.11574074074074D-02
            0.11574074074074D-02  0.11574074074074D-02  0.11574074074074D-02
            0.11574074074074D-02  0.11574074074074D-02  0.11574074074074D-02
            0.11574074074074D-02  0.11574074074074D-02  0.11574074074074D-02
            0.11574074074074D-02  0.11574074074074D-02  0.11574074074074D-02
            0.11574074074074D-02  0.11574074074074D-02  0.11574074074074D-02
            0.11574074074074D-02  0.11574074074074D-02  0.11574074074074D-02
            0.11574074074074D-02  0.11574074074074D-02  0.11574074074074D-02
            0.11574074074074D-02  0.11574074074074D-02  0.11574074074074D-02
            0.11574074074074D-02  0.11574074074074D-02  0.11574074074074D-02
            0.11574074074074D-02  0.11574074074074D-02  0.11574074074074D-02
            0.11574074074074D-02  0.11574074074074D-02  0.11574074074074D-02
            0.11574074074074D-02  0.11574074074074D-02  0.11574074074074D-02
            0.11574074074074D-02  0.11574074074074D-02  0.11574074074074D-02
            0.11574074074074D-02  0.11574074074074D-02  0.11574074074074D-02
            0.11574074074074D-02  0.11574074074074D-02  0.11574074074074D-02
            0.11574074074074D-02  0.11574074074074D-02  0.11574074074074D-02
            0.11574074074074D-02  0.11574074074074D-02  0.11574074074074D-02
            0.11574074074074D-02  0.11574074074074D-02  0.11574074074074D-02
            0.11574074074074D-02  0.11574074074074D-02  0.11574074074074D-02
            0.11574074074074D-02  0.11574074074074D-02  0.11574074074074D-02
            0.11574074074074D-02  0.11574074074074D-02  0.11574074074074D-02
            0.11574074074074D-02  0.11574074074074D-02  0.11574074074074D-02
            0.11574074074074D-02  0.11574074074074D-02  0.11574074074074D-02
            0.11574074074074D-02  0.11574074074074D-02  0.11574074074074D-02
            0.11574074074074D-02  0.11574074074074D-02  0.11574074074074D-02
            0.11574074074074D-02  0.11574074074074D-02  0.11574074074074D-02
            0.11574074074074D-02  0.11574074074074D-02  0.11574074074074D-02
            0.11574074074074D-02  0.11574074074074D-02  0.11574074074074D-02
            0.11574074074074D-02  0.11574074074074D-02  0.11574074074074D-02
            0.11574074074074D-02  0.11574074074074D-02  0.11574074074074D-02
            0.11574074074074D-02  0.11574074074074D-02  0.11574074074074D-02
            0.11574074074074D-02  0.11574074074074D-02  0.11574074074074D-02
            0.11574074074074D-02  0.11574074074074D-02  0.11574074074074D-02
            0.11574074074074D-02  0.11574074074074D-02  0.11574074074074D-02
            0.11574074074074D-02  0.11574074074074D-02  0.11574074074074D-02
            0.11574074074074D-02  0.11574074074074D-02  0.11574074074074D-02
            0.11574074074074D-02  0.11574074074074D-02  0.11574074074074D-02
            0.11574074074074D-02  0.11574074074074D-02  0.11574074074074D-02
            0.11574074074074D-02  0.11574074074074D-02  0.11574074074074D-02
            0.11574074074074D-02  0.11574074074074D-02  0.11574074074074D-02
            0.11574074074074D-02  0.11574074074074D-02  0.11574074074074D-02
            0.11574074074074D-02  0.11574074074074D-02  0.11574074074074D-02
            0.11574074074074D-02  0.11574074074074D-02  0.11574074074074D-02
            0.11574074074074D-02  0.11574074074074D-02  0.11574074074074D-02
            0.11574074074074D-02  0.11574074074074D-02  0.11574074074074D-02
            0.11574074074074D-02  0.11574074074074D-02  0.11574074074074D-02
            0.11574074074074D-02  0.11574074074074D-02  0.11574074074074D-02
            0.11574074074074D-02  0.11574074074074D-02  0.11574074074074D-02
            0.11574074074074D-02  0.11574074074074D-02  0.11574074074074D-02
            0.11574074074074D-02  0.11574074074074D-02  0.11574074074074D-02
            0.11574074074074D-02  0.11574074074074D-02  0.11574074074074D-02
            0.11574074074074D-02  0.11574074074074D-02  0.11574074074074D-02
            0.11574074074074D-02  0.11574074074074D-02  0.11574074074074D-02
            0.11574074074074D-02  0.11574074074074D-02  0.11574074074074D-02
            0.11574074074074D-02  0.11574074074074D-02  0.11574074074074D-02
            0.11574074074074D-02  0.11574074074074D-02  0.11574074074074D-02
            0.11574074074074D-02  0.11574074074074D-02  0.11574074074074D-02
            0.11574074074074D-02  0.11574074074074D-02  0.11574074074074D-02
            0.11574074074074D-02  0.11574074074074D-02  0.11574074074074D-02
            0.11574074074074D-02  0.11574074074074D-02  0.11574074074074D-02
            0.11574074074074D-02  0.11574074074074D-02  0.11574074074074D-02
            0.11574074074074D-02  0.11574074074074D-02  0.11574074074074D-02
            0.11574074074074D-02  0.11574074074074D-02  0.11574074074074D-02
            0.11574074074074D-02  0.11574074074074D-02  0.11574074074074D-02
            0.11574074074074D-02  0.11574074074074D-02  0.11574074074074D-02
            0.11574074074074D-02  0.11574074074074D-02  0.11574074074074D-02
            0.11574074074074D-02  0.11574074074074D-02  0.11574074074074D-02
            0.11574074074074D-02  0.11574074074074D-02  0.11574074074074D-02
            0.11574074074074D-02  0.11574074074074D-02  0.57870370370370D-03
            0.11574074074074D-02  0.11574074074074D-02  0.11574074074074D-02
            0.11574074074074D-02  0.11574074074074D-02  0.57870370370370D-03
            0.11574074074074D-02  0.11574074074074D-02  0.11574074074074D-02
            0.11574074074074D-02  0.11574074074074D-02  0.11574074074074D-02
            0.11574074074074D-02  0.11574074074074D-02  0.11574074074074D-02
            0.11574074074074D-02  0.11574074074074D-02  0.11574074074074D-02
            0.11574074074074D-02  0.11574074074074D-02  0.11574074074074D-02
            0.11574074074074D-02  0.11574074074074D-02  0.11574074074074D-02
            0.11574074074074D-02  0.11574074074074D-02  0.11574074074074D-02
            0.11574074074074D-02  0.11574074074074D-02  0.11574074074074D-02
            0.11574074074074D-02  0.11574074074074D-02  0.11574074074074D-02
            0.11574074074074D-02  0.11574074074074D-02  0.11574074074074D-02
            0.11574074074074D-02  0.11574074074074D-02  0.11574074074074D-02
            0.11574074074074D-02  0.11574074074074D-02  0.11574074074074D-02
            0.11574074074074D-02  0.11574074074074D-02  0.11574074074074D-02
            0.11574074074074D-02  0.11574074074074D-02  0.11574074074074D-02
            0.11574074074074D-02  0.11574074074074D-02  0.11574074074074D-02
            0.11574074074074D-02  0.11574074074074D-02  0.11574074074074D-02
            0.11574074074074D-02  0.11574074074074D-02  0.11574074074074D-02
            0.11574074074074D-02  0.11574074074074D-02  0.11574074074074D-02
            0.11574074074074D-02  0.11574074074074D-02  0.11574074074074D-02
            0.11574074074074D-02  0.11574074074074D-02  0.11574074074074D-02
            0.57870370370370D-03  0.11574074074074D-02  0.11574074074074D-02
            0.11574074074074D-02  0.11574074074074D-02  0.11574074074074D-02
            0.57870370370370D-03
      xred  0.30198021190000D-02 -0.23966723200000D-03 -0.27801348870000D-02
            0.26091223883400D+00  0.26210337635900D+00  0.26303176255700D+00
            0.73688065366800D+00  0.73807179119300D+00  0.73900017739100D+00
     znucl  0.28000000000000D+02  0.35000000000000D+02
      zion  0.18000000000000D+02  0.70000000000000D+01
 
 No information on the potentials yet 
 
 **** Database of total energy derivatives ****
 Number of data blocks=    2
  
 1st derivatives              - # elements :          15
     1     1  0.48952144285857D-02  0.00000000000000D+00
     2     1 -0.33762255294620D-03  0.00000000000000D+00
     3     1 -0.44559749197799D-02  0.00000000000000D+00
     1     2  0.35353262830965D-04  0.00000000000000D+00
     2     2  0.27936564173583D-02  0.00000000000000D+00
     3     2  0.50772962539477D-02  0.00000000000000D+00
     1     3 -0.53004935217269D-02  0.00000000000000D+00
     2     3 -0.23776477001760D-02  0.00000000000000D+00
     3     3 -0.23331607472126D-03  0.00000000000000D+00
     1     6  0.15368259051159D-04  0.00000000000000D+00
     2     6  0.15844082155492D-04  0.00000000000000D+00
     3     6  0.13443166710200D-04  0.00000000000000D+00
     1     7 -0.28535383889486D-06  0.00000000000000D+00
     2     7 -0.66785439579997D-06  0.00000000000000D+00
     3     7 -0.60969324990469D-07  0.00000000000000D+00
  
 Total energy                 - # elements :           1
 -0.19807556735164D+03  0.00000000000000D+00
